1
1
2
2
2
2
3
3
3
3
5
5
5
5
5
6
7
8
8
8
10
11
12
13
13
14
14
15
15
16
16
16
17
17
18
19
19
22
23
23
24
25
27
29
29
29
30
30
31
32
32
33
33
35
35
37
37
37
37
39
40
41
41
43
44
44
44
44
44
45
46
46
47
47
47
49
49
50
51
51
52
56
56
59
59
60
60
61
61
62
62
62
63
63
63
63
65
66
66
66
67
69
69
69
69
69
69
70
72
72
73
74
76
77
77
77
77
77
79
79
80
80
80
80
82
82
83
83
83
84
84
84
84
85
85
86
86
87
88
88
88
89
89
90
90
91
92
92
93
95
95
95
95
96
97
98
98
99
100
100
100
101
101
104
104
104
104
104
105
105
106
107
107
107
107
108
108
108
110
110
110
110
111
113
113
113
113
114
114
115
116
117
118
118
119
119
119
120
121
121
124
125
125
125
125
125
128
129
129
129
130
131
134
134
134
134
135
135
135
137
140
141
144
144
146
146
147
148
148
148
149
150
150
151
151
151
152
152
155
156
158
160
160
161
162
163
163
163
165
166
166
166
167
168
169
170
170
171
171
171
171
172
172
172
172
173
174
174
176
177
177
177
178
178
179
179
179
180
181
181
181
181
183
183
185
186
187
187
188
188
189
190
190
190
192
193
193
194
195
195
196
197
197
198
198
198
199
199
199
200
200
201
202
203
203
203
204
205
207
208
208
209
210
211
213
215
215
215
215
216
216
216
217
220
221
221
221
222
222
222
222
223
224
225
226
226
226
227
227
229
229
231
233
234
234
234
234
235
235
235
237
238
239
240
243
243
244
245
245
245
246
248
248
248
250
250
251
252
252
252
253
253
253
255
258
259
259
262
262
262
263
263
263
264
264
265
266
266
266
266
267
268
268
269
271
272
272
272
273
274
274
274
275
275
276
276
276
276
278
278
278
278
282
282
282
282
283
283
283
284
285
285
286
287
289
289
289
290
291
291
291
294
295
296
296
297
298
300
300
301
302
302
303
303
303
304
304
305
306
306
306
307
308
308
309
310
310
311
311
312
312
313
314
314
316
316
318
318
319
319
319
320
321
321
322
323
324
324
325
325
326
326
326
327
327
327
328
328
328
329
330
331
331
332
333
334
334
335
336
337
338
340
340
341
341
342
343
344
345
347
347
347
348
349
351
353
353
353
354
354
354
355
356
356
356
357
359
359
360
360
360
361
362
363
363
364
364
366
366
368
369
370
370
373
373
375
375
376
377
377
378
379
380
380
383
383
383
384
385
385
385
386
386
386
388
389
390
390
390
390
395
395
395
395
395
396
397
399
399
400
400
400
401
401
401
401
402
403
403
405
405
405
405
406
406
407
407
408
408
408
408
409
410
411
412
413
413
413
414
414
415
415
415
415
416
416
416
417
417
418
418
418
418
419
419
422
422
424
425
426
426
427
428
430
433
436
437
437
438
439
439
439
439
439
440
440
441
441
442
442
443
444
449
450
450
451
451
451
452
453
454
455
455
459
459
459
461
461
461
462
462
465
465
466
467
467
469
470
471
473
473
474
474
474
474
474
474
475
477
477
478
480
481
481
483
483
483
484
484
484
484
487
488
488
488
489
490
490
491
492
493
493
494
494
494
495
496
496
497
498
498
498
499
499
499
500
502
502
503
503
505
505
505
506
507
508
509
509
511
512
513
513
514
514
517
517
517
519
519
521
522
524
525
525
526
527
529
529
530
530
530
532
532
533
533
534
534
535
535
535
536
536
536
537
538
539
539
540
542
542
542
543
544
544
544
546
546
547
547
547
548
549
549
549
550
550
551
551
551
551
552
553
553
553
554
555
557
557
557
558
558
558
559
559
559
561
562
562
562
563
564
565
566
566
567
568
568
568
569
571
572
572
572
573
573
574
575
579
579
579
579
580
580
582
583
583
584
586
586
586
587
587
587
588
589
589
589
592
592
593
593
593
594
594
596
597
597
598
599
599
599
600
602
602
602
603
603
603
605
605
606
607
607
609
609
609
610
612
612
614
614
616
616
616
618
618
619
619
620
620
621
624
624
625
625
625
626
627
628
628
629
630
630
630
631
632
632
633
635
635
636
636
636
637
637
637
638
638
639
639
640
640
641
641
642
642
642
642
644
646
646
647
647
647
648
648
648
649
649
650
650
650
651
652
652
653
653
655
655
655
656
656
657
659
660
661
662
662
662
663
664
664
665
665
666
670
671
671
674
675
675
675
675
677
677
678
678
679
680
680
682
686
686
686
687
687
688
688
688
689
689
690
690
691
691
691
691
692
692
692
693
694
695
695
698
698
699
700
700
701
701
702
703
704
705
705
706
706
706
707
708
709
709
709
710
710
712
712
713
713
714
714
714
714
715
715
716
716
716
716
718
719
720
720
722
723
723
724
725
727
728
729
729
729
730
732
733
733
733
733
733
736
736
738
738
740
740
740
740
741
741
741
741
741
743
743
743
744
744
745
745
745
745
745
747
748
748
749
750
750
750
751
751
751
752
753
754
754
754
754
755
759
760
760
762
763
763
765
767
767
768
768
768
769
769
772
773
773
773
773
774
774
775
775
775
776
776
777
777
777
778
779
779
779
780
780
782
782
783
783
785
786
786
786
788
789
790
790
794
794
794
795
795
795
796
797
797
798
799
801
801
802
802
803
803
803
804
804
804
805
805
805
806
806
807
807
807
808
809
810
810
811
812
813
813
814
815
815
815
816
816
818
819
819
819
821
822
823
825
825
825
827
829
829
830
830
831
831
833
833
833
834
834
836
837
837
837
837
838
839
841
842
844
845
847
849
849
849
850
851
852
852
852
853
853
853
853
853
854
854
854
855
855
856
856
856
856
858
858
858
859
859
861
861
861
861
861
862
862
863
864
866
866
866
871
871
872
872
873
876
876
877
878
879
880
881
883
884
885
885
886
887
888
888
888
889
890
890
892
892
892
892
892
893
893
894
894
896
896
896
897
897
898
898
899
901
903
903
903
905
905
908
909
909
909
910
910
913
914
914
914
915
916
916
917
917
918
918
919
919
919
920
921
924
924
924
925
927
928
928
928
929
930
930
931
931
932
932
933
934
935
935
935
936
936
937
937
938
939
941
941
941
941
942
942
942
943
943
944
945
946
946
947
947
947
948
948
949
949
949
951
952
952
953
954
954
955
956
957
958
959
960
960
961
963
964
966
967
967
969
970
970
971
971
972
973
974
975
976
976
977
977
977
978
979
979
979
979
981
982
983
985
985
985
986
988
989
990
990
990
991
991
991
992
992
992
993
994
994
994
995
995
995
997
997
998
999
999
1000
1000
1001
1001
1001
1002
1003
1004
1005
1006
1007
1008
1008
1008
1008
1009
1009
1011
1011
1012
1012
1013
1014
1016
1016
1016
1016
1017
1017
1018
1018
1019
1019
1020
1020
1021
1021
1022
1022
1022
1022
1023
1024
1025
1025
1026
1026
1028
1029
1029
1030
1030
1030
1031
1032
1032
1033
1033
1034
1034
1035
1035
1035
1037
1038
1038
1038
1038
1039
1039
1040
1041
1041
1043
1043
1044
1045
1047
1048
1050
1050
1050
1051
1052
1052
1052
1054
1056
1057
1057
1057
1058
1058
1058
1059
1059
1060
1060
1061
1061
1061
1061
1061
1061
1062
1062
1064
1065
1065
1066
1066
1067
1067
1067
1068
1068
1068
1069
1069
1070
1071
1071
1072
1072
1072
1073
1073
1074
1075
1075
1076
1076
1077
1077
1078
1079
1080
1082
1083
1083
1084
1084
1085
1086
1087
1087
1088
1088
1088
1090
1090
1092
1093
1093
1094
1094
1094
1094
1095
1095
1095
1096
1096
1098
1098
1099
1099
1100
1100
1102
1102
1103
1103
1104
1104
1104
1105
1105
1106
1106
1106
1107
1107
1108
1109
1109
1112
1112
1112
1113
1114
1114
1115
1115
1117
1118
1119
1119
1119
1120
1120
1121
1124
1124
1124
1125
1125
1126
1126
1127
1130
1130
1131
1131
1131
1131
1131
1131
1132
1133
1134
1135
1135
1135
1137
1137
1137
1137
1139
1140
1141
1142
1142
1144
1144
1145
1145
1146
1147
1147
1147
1148
1148
1148
1150
1151
1152
1152
1153
1154
1154
1157
1157
1157
1157
1159
1159
1160
1161
1161
1162
1164
1164
1165
1165
1165
1166
1167
1168
1169
1169
1171
1171
1171
1171
1171
1171
1173
1173
1173
1176
1177
1177
1178
1179
1179
1180
1181
1181
1181
1181
1181
1187
1187
1187
1187
1189
1191
1191
1191
1192
1193
1194
1194
1195
1196
1198
1198
1199
1202
1206
1207
1207
1207
1207
1210
1210
1211
1211
1211
1211
1212
1212
1212
1212
1213
1213
1213
1213
1214
1214
1215
1216
1216
1216
1216
1218
1218
1218
1220
1220
1220
1221
1222
1223
1225
1225
1227
1227
1227
1229
1229
1229
1230
1230
1231
1231
1231
1232
1232
1234
1235
1235
1235
1236
1236
1237
1237
1238
1238
1239
1240
1242
1243
1243
1243
1243
1243
1246
1246
1246
1246
1247
1247
1248
1249
1250
1251
1251
1253
1254
1254
1254
1254
1254
1255
1256
1256
1257
1257
1258
1259
1259
1259
1260
1260
1260
1261
1261
1262
1262
1264
1264
1265
1265
1266
1266
1267
1267
1268
1269
1269
1269
1270
1270
1271
1271
1272
1272
1273
1274
1275
1276
1277
1278
1278
1278
1279
1279
1280
1281
1282
1283
1284
1285
1286
1286
1286
1286
1288
1288
1289
1290
1290
1290
1291
1291
1292
1293
1294
1295
1295
1296
1296
1298
1299
1300
1300
1301
1301
1301
1301
1302
1302
1302
1303
1303
1303
1305
1305
1305
1307
1309
1310
1311
1314
1314
1318
1319
1320
1321
1322
1325
1325
1326
1327
1328
1328
1329
1330
1330
1331
1333
1334
1334
1335
1336
1337
1337
1337
1337
1339
1340
1340
1340
1341
1341
1342
1342
1343
1346
1347
1349
1349
1350
1350
1350
1351
1352
1353
1353
1353
1354
1354
1355
1356
1357
1358
1360
1361
1361
1361
1364
1365
1365
1366
1366
1367
1367
1368
1369
1373
1373
1373
1374
1375
1375
1376
1377
1377
1380
1381
1381
1382
1383
1385
1386
1386
1386
1387
1388
1388
1390
1392
1392
1394
1394
1395
1395
1396
1396
1396
1397
1397
1397
1398
1399
1400
1402
1402
1402
1403
1404
1405
1405
1405
1405
1407
1407
1408
1409
1410
1410
1410
1411
1412
1412
1412
1412
1413
1414
1415
1417
1417
1418
1421
1422
1423
1424
1424
1424
1426
1426
1426
1426
1427
1427
1428
1429
1430
1431
1431
1432
1433
1434
1434
1436
1436
1438
1438
1439
1440
1444
1444
1444
1445
1446
1446
1446
1447
1448
1448
1449
1449
1449
1449
1450
1450
1453
1455
1456
1457
1457
1457
1457
1458
1458
1458
1458
1462
1462
1462
1462
1463
1464
1465
1466
1467
1469
1469
1469
1469
1469
1469
1470
1470
1470
1470
1472
1473
1474
1474
1475
1476
1476
1477
1478
1479
1479
1480
1481
1481
1481
1482
1483
1483
1484
1484
1486
1486
1487
1489
1490
1491
1491
1492
1492
1492
1492
1493
1493
1493
1495
1495
1496
1497
1497
1497
1498
1498
1498
1499
1499
1500
1500
1502
1502
1503
1503
1503
1504
1506
1507
1507
1508
1508
1509
1509
1509
1510
1510
1511
1511
1512
1513
1514
1514
1514
1515
1515
1516
1518
1518
1519
1519
1520
1520
1520
1520
1521
1521
1521
1521
1522
1523
1524
1524
1525
1527
1528
1528
1528
1529
1529
1530
1530
1532
1533
1534
1534
1534
1534
1535
1535
1537
1538
1538
1539
1539
1539
1539
1540
1541
1541
1541
1541
1543
1543
1544
1546
1546
1546
1547
1549
1550
1550
1551
1552
1553
1553
1553
1553
1553
1554
1554
1554
1556
1556
1556
1557
1558
1559
1560
1560
1561
1561
1562
1562
1562
1562
1562
1563
1566
1566
1567
1567
1568
1569
1569
1570
1572
1572
1573
1574
1574
1575
1576
1577
1578
1578
1578
1581
1583
1583
1583
1585
1585
1588
1588
1588
1589
1589
1590
1590
1590
1590
1591
1592
1592
1593
1593
1595
1597
1598
1598
1599
1599
1600
1600
1600
1601
1602
1602
1603
1604
1605
1607
1607
1608
1609
1609
1611
1612
1613
1613
1615
1615
1615
1616
1616
1617
1617
1617
1617
1618
1618
1619
1619
1621
1622
1622
1623
1624
1624
1625
1626
1628
1629
1631
1631
1632
1633
1633
1633
1635
1636
1636
1637
1637
1637
1638
1639
1641
1642
1642
1643
1643
1643
1644
1644
1646
1646
1648
1649
1649
1650
1654
1654
1654
1654
1655
1655
1656
1656
1658
1658
1658
1658
1658
1659
1659
1660
1661
1661
1661
1661
1662
1663
1663
1666
1666
1667
1667
1667
1667
1667
1667
1668
1668
1668
1669
1672
1672
1674
1674
1675
1675
1677
1677
1678
1678
1679
1679
1679
1679
1680
1680
1681
1682
1682
1683
1684
1684
1685
1687
1687
1688
1688
1688
1689
1689
1689
1690
1690
1690
1691
1691
1691
1693
1693
1694
1694
1695
1696
1696
1696
1696
1698
1698
1698
1698
1699
1699
1699
1700
1700
1700
1701
1703
1703
1707
1707
1708
1709
1710
1710
1711
1711
1711
1712
1713
1713
1714
1714
1714
1714
1715
1716
1717
1717
1717
1720
1720
1720
1721
1722
1724
1724
1724
1725
1725
1725
1725
1725
1725
1727
1728
1728
1729
1729
1729
1729
1729
1729
1731
1731
1732
1732
1732
1733
1735
1735
1735
1736
1737
1738
1738
1740
1741
1741
1742
1742
1742
1744
1745
1745
1746
1746
1747
1747
1748
1749
1749
1749
1749
1750
1751
1751
1752
1752
1755
1756
1756
1757
1758
1758
1758
1758
1758
1758
1759
1759
1760
1763
1766
1766
1768
1769
1772
1773
1774
1775
1776
1776
1776
1776
1778
1779
1779
1780
1780
1781
1781
1781
1782
1782
1783
1783
1784
1784
1784
1785
1786
1786
1787
1787
1788
1788
1789
1791
1791
1792
1792
1793
1793
1793
1793
1795
1796
1796
1796
1797
1797
1799
1799
1801
1801
1802
1803
1803
1803
1804
1804
1806
1808
1808
1808
1808
1808
1808
1809
1809
1811
1812
1812
1812
1812
1813
1814
1815
1815
1816
1817
1818
1818
1820
1821
1822
1822
1822
1823
1823
1825
1825
1825
1826
1826
1827
1827
1828
1829
1829
1829
1830
1831
1831
1832
1832
1832
1833
1834
1834
1836
1836
1837
1838
1839
1839
1839
1839
1840
1841
1841
1842
1842
1842
1842
1843
1843
1844
1844
1845
1845
1845
1847
1847
1847
1848
1849
1850
1850
1851
1852
1852
1852
1854
1855
1856
1856
1858
1858
1858
1859
1859
1861
1862
1862
1863
1865
1865
1866
1868
1869
1869
1870
1870
1871
1872
1872
1873
1874
1875
1877
1879
1879
1879
1880
1881
1881
1883
1883
1883
1884
1885
1886
1887
1887
1888
1888
1889
1889
1890
1891
1892
1893
1893
1893
1895
1896
1896
1897
1897
1898
1898
1898
1898
1899
1899
1899
1899
1899
1899
1899
1900
1900
1900
1900
1901
1902
1902
1903
1904
1904
1904
1905
1905
1906
1906
1906
1908
1909
1911
1912
1912
1913
1913
1913
1913
1914
1915
1916
1916
1916
1916
1916
1917
1918
1919
1919
1920
1920
1920
1920
1921
1922
1922
1924
1924
1925
1926
1928
1928
1928
1928
1929
1929
1930
1931
1932
1933
1933
1933
1934
1934
1935
1935
1935
1935
1936
1936
1937
1938
1938
1940
1941
1942
1942
1943
1943
1943
1943
1944
1944
1944
1945
1945
1946
1946
1947
1948
1948
1948
1949
1950
1951
1951
1951
1951
1951
1952
1953
1954
1955
1956
1956
1956
1957
1958
1958
1959
1959
1961
1961
1961
1963
1964
1964
1964
1964
1964
1965
1965
1965
1965
1966
1966
1966
1966
1966
1967
1967
1967
1967
1968
1968
1969
1970
1971
1971
1972
1972
1973
1974
1975
1975
1976
1976
1977
1977
1978
1980
1981
1982
1982
1983
1983
1984
1984
1987
1990
1991
1991
1991
1991
1992
1993
1993
1994
1995
1995
1996
1997
1997
2000
2000
2000
2000
2000
2001
2001
2002
2002
2002
2004
2004
2005
2005
2006
2008
2009
2009
2009
2009
2009
2010
2011
2011
2012
2013
2013
2013
2014
2015
2015
2015
2016
2017
2017
2018
2018
2020
2021
2021
2021
2022
2022
2022
2025
2025
2027
2030
2031
2032
2032
2034
2035
2036
2037
2037
2037
2038
2039
2039
2040
2040
2040
2041
2041
2043
2044
2045
2045
2046
2046
2046
2047
2048
2051
2051
2052
2052
2053
2055
2055
2055
2056
2056
2057
2058
2058
2059
2059
2060
2060
2060
2060
2061
2062
2062
2063
2066
2067
2067
2067
2068
2069
2069
2070
2071
2071
2071
2071
2071
2072
2072
2073
2074
2074
2074
2074
2075
2075
2076
2076
2076
2077
2079
2079
2080
2080
2080
2081
2082
2082
2083
2084
2085
2085
2086
2087
2088
2088
2088
2089
2089
2090
2091
2092
2093
2093
2095
2095
2096
2096
2097
2099
2101
2101
2103
2105
2105
2106
2107
2107
2108
2109
2109
2109
2109
2109
2110
2110
2112
2112
2112
2112
2112
2113
2113
2113
2113
2114
2114
2114
2115
2115
2116
2117
2120
2120
2120
2122
2122
2123
2123
2123
2123
2123
2125
2125
2128
2129
2129
2130
2131
2131
2132
2132
2132
2132
2133
2134
2135
2135
2135
2136
2136
2136
2138
2138
2139
2139
2140
2140
2141
2141
2141
2142
2143
2143
2144
2145
2146
2147
2147
2150
2152
2153
2153
2154
2154
2154
2156
2158
2159
2159
2161
2163
2163
2165
2166
2167
2168
2169
2169
2169
2170
2170
2170
2170
2171
2172
2173
2174
2174
2174
2174
2174
2175
2175
2176
2178
2178
2179
2179
2179
2179
2180
2180
2181
2181
2182
2184
2184
2185
2186
2186
2188
2190
2191
2191
2191
2191
2191
2191
2192
2193
2195
2195
2196
2197
2198
2199
2199
2199
2201
2201
2203
2203
2203
2205
2205
2206
2207
2209
2209
2209
2210
2211
2213
2213
2214
2214
2218
2218
2219
2219
2219
2219
2220
2220
2220
2221
2221
2221
2221
2222
2222
2223
2223
2223
2223
2223
2225
2226
2226
2226
2227
2227
2229
2229
2230
2231
2231
2231
2231
2231
2235
2235
2236
2237
2237
2237
2239
2243
2243
2244
2245
2245
2245
2246
2247
2248
2248
2249
2249
2250
2250
2251
2251
2252
2253
2253
2255
2257
2259
2259
2261
2262
2263
2263
2264
2266
2266
2268
2268
2268
2269
2269
2270
2270
2270
2270
2271
2271
2273
2274
2274
2274
2275
2275
2275
2275
2276
2276
2277
2278
2278
2279
2279
2280
2282
2282
2282
2283
2283
2284
2284
2285
2285
2285
2288
2288
2288
2289
2289
2290
2294
2294
2294
2294
2296
2296
2297
2298
2299
2300
2300
2301
2304
2304
2305
2305
2306
2306
2307
2308
2308
2308
2311
2311
2312
2312
2313
2313
2317
2317
2317
2318
2318
2318
2319
2319
2319
2319
2319
2319
2319
2320
2322
2322
2323
2324
2326
2326
2326
2326
2326
2326
2327
2327
2328
2328
2328
2329
2329
2330
2331
2331
2331
2333
2333
2333
2334
2334
2336
2337
2337
2338
2339
2339
2339
2339
2339
2339
2342
2342
2343
2344
2344
2344
2344
2344
2345
2346
2346
2346
2347
2347
2348
2348
2348
2349
2349
2351
2351
2352
2353
2355
2356
2356
2356
2358
2359
2359
2360
2361
2361
2361
2363
2363
2364
2364
2364
2364
2366
2366
2367
2367
2369
2369
2370
2372
2372
2373
2373
2373
2373
2374
2374
2375
2376
2376
2378
2381
2382
2382
2383
2383
2386
2386
2387
2387
2387
2388
2388
2389
2390
2390
2391
2392
2393
2393
2394
2396
2396
2397
2397
2397
2399
2399
2400
2400
2400
2401
2401
2402
2402
2403
2403
2404
2404
2404
2405
2405
2405
2405
2405
2407
2408
2408
2408
2410
2411
2412
2413
2415
2416
2417
2417
2418
2418
2418
2420
2420
2421
2421
2421
2422
2422
2422
2422
2423
2424
2425
2425
2425
2425
2425
2426
2426
2427
2427
2427
2428
2428
2428
2429
2429
2430
2430
2431
2431
2433
2435
2436
2436
2436
2437
2437
2438
2438
2438
2438
2439
2439
2439
2440
2442
2443
2444
2444
2445
2446
2446
2446
2448
2448
2449
2449
2449
2450
2450
2450
2450
2450
2451
2452
2452
2453
2453
2454
2456
2457
2457
2457
2457
2457
2459
2460
2461
2461
2462
2462
2462
2462
2463
2464
2465
2466
2466
2468
2470
2470
2470
2470
2471
2471
2472
2473
2474
2474
2475
2475
2475
2476
2477
2478
2479
2480
2480
2480
2480
2481
2483
2484
2485
2485
2485
2486
2486
2486
2487
2489
2490
2490
2492
2492
2493
2493
2493
2493
2494
2494
2495
2496
2496
2496
2496
2497
2497
2497
2498
2499
2499
2499
2499
2502
2503
2506
2507
2507
2507
2508
2508
2508
2509
2510
2510
2511
2512
2512
2514
2517
2518
2520
2521
2521
2521
2522
2523
2523
2524
2525
2525
2525
2526
2526
2526
2526
2528
2528
2528
2529
2529
2529
2532
2532
2532
2533
2534
2536
2537
2538
2539
2539
2540
2541
2541
2542
2543
2543
2543
2544
2546
2547
2547
2548
2549
2551
2551
2551
2553
2553
2553
2553
2553
2553
2556
2556
2556
2557
2557
2557
2558
2559
2559
2560
2561
2561
2561
2561
2561
2561
2561
2561
2562
2563
2565
2565
2565
2565
2566
2567
2567
2567
2567
2567
2570
2571
2572
2573
2574
2575
2575
2575
2579
2581
2581
2582
2582
2583
2585
2587
2587
2587
2588
2588
2588
2588
2588
2589
2589
2590
2590
2591
2592
2592
2595
2595
2595
2596
2596
2596
2597
2597
2598
2599
2599
2600
2600
2600
2600
2601
2601
2601
2602
2602
2603
2603
2604
2606
2606
2608
2608
2609
2610
2612
2613
2614
2616
2616
2618
2618
2619
2619
2619
2621
2621
2621
2621
2621
2622
2623
2623
2624
2624
2624
2625
2625
2625
2625
2626
2626
2627
2627
2628
2628
2628
2629
2629
2630
2630
2631
2632
2632
2632
2632
2633
2634
2634
2635
2636
2637
2638
2638
2639
2639
2639
2640
2640
2640
2642
2642
2642
2644
2644
2644
2645
2645
2645
2645
2645
2646
2646
2647
2647
2648
2648
2648
2648
2649
2653
2653
2654
2655
2655
2655
2656
2656
2657
2657
2659
2659
2659
2659
2659
2660
2660
2660
2660
2661
2662
2662
2662
2663
2664
2664
2664
2665
2666
2666
2667
2668
2668
2669
2669
2670
2670
2671
2671
2672
2673
2673
2673
2673
2675
2676
2677
2678
2679
2679
2679
2680
2680
2680
2681
2681
2681
2683
2683
2684
2684
2684
2684
2684
2687
2688
2689
2689
2689
2690
2691
2691
2691
2692
2692
2693
2693
2693
2694
2694
2694
2695
2695
2696
2696
2696
2697
2700
2701
2702
2702
2703
2703
2703
2704
2704
2705
2705
2706
2707
2708
2710
2710
2710
2710
2712
2714
2716
2717
2718
2718
2718
2719
2720
2721
2721
2721
2722
2722
2723
2723
2723
2723
2725
2726
2727
2727
2728
2729
2729
2730
2731
2732
2732
2732
2733
2734
2737
2738
2739
2739
2740
2742
2742
2742
2742
2743
2743
2743
2743
2744
2744
2746
2746
2746
2746
2747
2747
2748
2748
2748
2749
2749
2750
2750
2751
2752
2752
2753
2753
2754
2755
2755
2756
2757
2757
2758
2758
2758
2759
2760
2760
2761
2761
2762
2763
2765
2766
2767
2769
2771
2771
2772
2773
2773
2773
2774
2774
2774
2774
2775
2775
2777
2779
2781
2781
2782
2782
2785
2786
2786
2786
2786
2787
2787
2787
2787
2788
2788
2789
2789
2790
2790
2790
2791
2793
2794
2795
2796
2797
2797
2799
2799
2799
2800
2801
2802
2803
2803
2803
2804
2804
2804
2804
2806
2806
2806
2807
2807
2807
2808
2808
2810
2810
2811
2813
2813
2813
2815
2815
2816
2816
2816
2816
2818
2818
2820
2820
2821
2821
2822
2824
2824
2824
2825
2825
2825
2829
2830
2830
2834
2835
2837
2838
2838
2839
2839
2839
2839
2840
2840
2840
2841
2843
2843
2843
2843
2843
2844
2844
2844
2845
2846
2846
2846
2849
2849
2850
2851
2851
2851
2852
2852
2852
2853
2854
2855
2856
2856
2858
2859
2860
2860
2860
2860
2861
2861
2862
2862
2862
2862
2863
2864
2865
2865
2865
2867
2868
2868
2869
2869
2869
2870
2870
2872
2873
2875
2876
2877
2877
2878
2879
2879
2880
2881
2882
2882
2883
2883
2884
2885
2886
2887
2888
2888
2889
2890
2890
2891
2891
2892
2893
2893
2895
2896
2896
2896
2898
2901
2901
2904
2904
2904
2905
2905
2905
2906
2907
2907
2909
2910
2911
2911
2912
2912
2913
2913
2913
2913
2915
2916
2916
2917
2918
2918
2918
2918
2919
2921
2921
2921
2922
2923
2924
2925
2926
2926
2928
2928
2929
2930
2930
2930
2931
2932
2932
2932
2932
2933
2933
2933
2934
2934
2935
2935
2935
2936
2937
2939
2939
2939
2939
2939
2940
2940
2941
2941
2942
2943
2943
2943
2944
2944
2945
2945
2945
2946
2947
2948
2950
2950
2951
2953
2953
2953
2954
2954
2954
2956
2956
2957
2959
2959
2959
2959
2960
2961
2962
2963
2964
2964
2965
2965
2965
2966
2966
2967
2967
2970
2970
2970
2970
2972
2975
2976
2977
2978
2978
2979
2979
2979
2980
2981
2982
2984
2987
2987
2988
2988
2988
2989
2990
2991
2991
2994
2994
2995
2995
2996
2996
2996
2996
2997
2999
2999
2999
2999
2999
2999
3000
3000
3001
3002
3002
3004
3006
3007
3008
3009
3010
3010
3010
3011
3013
3016
3017
3017
3018
3018
3018
3018
3019
3019
3020
3021
3023
3025
3025
3026
3026
3027
3027
3028
3030
3030
3030
3031
3032
3032
3035
3036
3037
3038
3039
3039
3041
3041
3041
3042
3042
3043
3044
3045
3047
3047
3048
3048
3049
3049
3051
3053
3056
3056
3057
3057
3060
3061
3062
3062
3064
3064
3065
3065
3066
3067
3067
3068
3068
3069
3069
3070
3072
3073
3073
3075
3075
3076
3076
3076
3077
3077
3077
3078
3078
3078
3079
3079
3080
3080
3081
3081
3082
3084
3085
3086
3086
3086
3086
3087
3087
3088
3088
3089
3089
3090
3091
3091
3091
3095
3095
3095
3095
3096
3096
3096
3099
3099
3101
3101
3102
3103
3103
3103
3103
3105
3106
3106
3107
3107
3107
3108
3108
3111
3111
3112
3112
3112
3112
3113
3114
3114
3115
3115
3115
3115
3117
3118
3120
3120
3121
3122
3127
3127
3128
3129
3130
3131
3131
3132
3134
3134
3135
3137
3137
3137
3138
3138
3139
3140
3141
3141
3141
3142
3143
3144
3146
3147
3147
3147
3149
3149
3149
3151
3151
3151
3151
3151
3152
3153
3153
3153
3154
3155
3155
3155
3155
3156
3156
3156
3157
3159
3160
3161
3162
3162
3164
3164
3164
3165
3165
3166
3167
3167
3167
3167
3168
3168
3168
3169
3169
3170
3172
3172
3172
3172
3174
3175
3175
3175
3176
3177
3177
3178
3181
3181
3182
3183
3183
3184
3185
3186
3186
3187
3187
3188
3188
3190
3191
3191
3192
3194
3194
3194
3195
3195
3195
3195
3196
3197
3198
3198
3198
3198
3200
3205
3205
3206
3206
3206
3207
3208
3208
3208
3209
3210
3210
3212
3212
3213
3214
3214
3214
3215
3216
3217
3219
3219
3220
3220
3220
3221
3221
3221
3222
3223
3223
3223
3224
3224
3224
3225
3225
3225
3226
3229
3230
3231
3231
3232
3233
3233
3234
3234
3234
3235
3236
3236
3236
3236
3237
3238
3239
3239
3239
3240
3240
3241
3242
3243
3243
3245
3245
3245
3245
3247
3248
3249
3250
3250
3251
3251
3251
3252
3253
3254
3254
3254
3254
3254
3255
3255
3255
3257
3260
3261
3261
3262
3263
3263
3263
3264
3264
3266
3266
3267
3267
3269
3269
3270
3272
3272
3272
3273
3273
3274
3276
3276
3277
3278
3279
3281
3281
3281
3283
3283
3283
3285
3285
3287
3287
3288
3289
3291
3292
3292
3293
3294
3294
3295
3296
3298
3298
3300
3300
3300
3301
3301
3302
3304
3304
3304
3304
3304
3305
3305
3305
3306
3307
3308
3309
3311
3311
3312
3313
3313
3315
3316
3317
3318
3319
3320
3321
3321
3322
3322
3322
3324
3325
3325
3326
3327
3327
3328
3328
3328
3328
3329
3329
3329
3331
3331
3332
3334
3334
3334
3335
3336
3336
3336
3336
3336
3337
3338
3338
3338
3339
3339
3341
3341
3342
3343
3344
3344
3344
3344
3345
3345
3346
3347
3347
3349
3350
3350
3350
3352
3353
3353
3353
3353
3353
3353
3355
3355
3357
3357
3359
3359
3359
3360
3360
3361
3362
3363
3366
3367
3368
3368
3368
3369
3369
3369
3369
3373
3374
3375
3376
3377
3378
3379
3379
3380
3381
3381
3381
3382
3382
3385
3386
3386
3387
3387
3387
3389
3390
3392
3393
3393
3393
3394
3394
3394
3395
3395
3396
3396
3397
3398
3399
3399
3400
3401
3402
3402
3404
3404
3404
3405
3407
3408
3412
3412
3413
3414
3414
3414
3414
3415
3415
3415
3416
3416
3420
3422
3423
3423
3423
3423
3423
3424
3424
3426
3427
3427
3429
3430
3431
3432
3432
3432
3433
3433
3433
3434
3436
3436
3436
3437
3438
3438
3438
3442
3442
3443
3444
3445
3447
3448
3448
3448
3449
3449
3450
3450
3451
3452
3452
3452
3454
3454
3455
3455
3457
3457
3458
3458
3458
3460
3460
3460
3462
3462
3463
3463
3463
3464
3464
3464
3464
3465
3467
3469
3470
3470
3470
3471
3471
3473
3473
3474
3474
3474
3474
3475
3475
3475
3476
3476
3477
3477
3478
3478
3478
3478
3479
3479
3480
3481
3482
3483
3483
3483
3484
3485
3486
3487
3489
3489
3491
3491
3492
3492
3492
3493
3493
3494
3494
3495
3495
3496
3496
3496
3496
3497
3497
3497
3497
3497
3498
3498
3500
3502
3502
3503
3504
3505
3505
3505
3506
3506
3507
3509
3511
3511
3511
3512
3512
3513
3513
3514
3514
3515
3515
3516
3517
3517
3518
3519
3520
3520
3521
3523
3523
3523
3523
3523
3523
3524
3524
3524
3524
3525
3526
3527
3528
3529
3529
3529
3529
3529
3531
3531
3535
3535
3537
3537
3539
3540
3541
3542
3542
3542
3542
3543
3543
3543
3543
3543
3544
3546
3548
3550
3553
3553
3553
3555
3555
3555
3556
3556
3557
3557
3558
3561
3562
3563
3565
3566
3568
3568
3568
3568
3569
3570
3571
3572
3572
3572
3575
3575
3575
3575
3576
3577
3578
3578
3579
3579
3580
3582
3582
3584
3584
3587
3588
3589
3590
3591
3591
3591
3592
3592
3592
3592
3593
3594
3594
3594
3595
3595
3595
3595
3596
3596
3596
3598
3598
3598
3599
3600
3600
3601
3602
3602
3603
3603
3603
3606
3606
3607
3608
3608
3608
3609
3609
3609
3609
3610
3610
3611
3613
3613
3613
3613
3613
3614
3614
3615
3617
3620
3621
3622
3622
3622
3622
3622
3622
3624
3625
3625
3625
3626
3626
3627
3628
3628
3629
3631
3631
3631
3633
3634
3634
3635
3636
3636
3638
3638
3639
3640
3642
3642
3644
3645
3648
3648
3648
3649
3650
3650
3651
3652
3652
3653
3656
3657
3658
3658
3659
3659
3659
3660
3663
3663
3663
3664
3664
3665
3666
3667
3667
3668
3668
3669
3670
3670
3671
3671
3671
3671
3673
3676
3676
3676
3678
3678
3679
3679
3680
3681
3681
3681
3682
3683
3683
3684
3685
3686
3688
3688
3688
3688
3689
3690
3690
3691
3692
3692
3693
3693
3694
3696
3696
3696
3697
3698
3698
3698
3699
3700
3701
3702
3703
3703
3703
3704
3705
3705
3705
3706
3706
3706
3706
3707
3708
3708
3709
3709
3710
3711
3711
3712
3712
3712
3713
3713
3713
3714
3714
3714
3714
3716
3718
3719
3719
3719
3719
3720
3723
3724
3726
3726
3727
3727
3728
3729
3729
3729
3730
3731
3733
3735
3737
3737
3738
3739
3739
3740
3740
3741
3741
3741
3741
3741
3742
3743
3744
3744
3745
3746
3747
3748
3748
3748
3748
3750
3750
3751
3751
3751
3753
3753
3754
3755
3759
3760
3760
3762
3762
3763
3763
3764
3764
3765
3765
3765
3766
3766
3767
3767
3768
3768
3772
3774
3774
3775
3775
3776
3777
3778
3778
3778
3779
3779
3780
3781
3781
3781
3783
3783
3783
3785
3786
3786
3786
3787
3787
3788
3788
3791
3792
3792
3792
3793
3793
3794
3795
3796
3796
3797
3797
3797
3798
3799
3799
3800
3800
3802
3802
3802
3803
3804
3804
3805
3806
3806
3806
3806
3806
3806
3806
3808
3808
3808
3809
3809
3811
3811
3811
3811
3813
3813
3814
3815
3816
3816
3816
3817
3818
3818
3819
3820
3821
3821
3822
3822
3824
3824
3825
3828
3829
3829
3832
3833
3833
3835
3835
3838
3838
3839
3840
3840
3840
3840
3841
3843
3844
3845
3845
3846
3846
3846
3846
3847
3847
3849
3850
3850
3851
3851
3852
3852
3852
3852
3854
3854
3855
3856
3856
3857
3857
3857
3857
3858
3858
3860
3861
3862
3862
3862
3862
3863
3863
3864
3865
3865
3868
3868
3868
3870
3870
3870
3871
3871
3871
3871
3872
3872
3873
3873
3874
3874
3874
3875
3876
3876
3878
3878
3878
3879
3879
3880
3881
3882
3883
3883
3884
3884
3884
3885
3886
3887
3887
3887
3887
3888
3889
3891
3891
3893
3897
3898
3899
3900
3901
3902
3903
3905
3905
3905
3905
3906
3907
3907
3908
3908
3910
3910
3911
3911
3912
3912
3913
3914
3916
3917
3917
3917
3918
3919
3919
3920
3920
3921
3921
3923
3923
3924
3926
3927
3927
3927
3928
3931
3932
3932
3933
3933
3935
3935
3936
3936
3937
3938
3938
3938
3938
3940
3941
3942
3942
3942
3942
3942
3943
3943
3944
3944
3945
3946
3947
3950
3950
3951
3951
3952
3952
3952
3953
3953
3954
3955
3955
3956
3956
3957
3958
3958
3960
3960
3961
3961
3962
3962
3962
3963
3964
3964
3965
3965
3966
3970
3970
3970
3972
3973
3973
3976
3977
3977
3977
3978
3978
3978
3978
3979
3980
3980
3980
3981
3982
3983
3984
3985
3985
3985
3986
3986
3987
3987
3991
3992
3993
3993
3993
3994
3994
3996
3997
3997
3998
4000
4000
4000
4000
4001
4001
4002
4003
4003
4003
4004
4004
4005
4006
4007
4007
4007
4008
4009
4010
4011
4012
4013
4013
4014
4015
4015
4016
4016
4016
4016
4016
4016
4018
4019
4020
4020
4020
4022
4022
4022
4022
4023
4024
4024
4025
4025
4026
4026
4027
4027
4029
4030
4031
4032
4033
4034
4034
4036
4036
4037
4038
4038
4038
4038
4039
4040
4040
4040
4041
4041
4043
4044
4045
4046
4047
4048
4050
4051
4052
4052
4052
4052
4053
4053
4053
4056
4056
4056
4057
4058
4058
4059
4059
4060
4060
4061
4061
4061
4062
4063
4063
4064
4066
4066
4066
4068
4068
4068
4069
4070
4071
4072
4072
4074
4075
4076
4077
4077
4077
4079
4079
4079
4081
4082
4082
4082
4083
4083
4083
4083
4084
4084
4085
4085
4086
4087
4087
4087
4087
4088
4088
4090
4090
4092
4092
4092
4093
4094
4094
4094
4096
4096
4096
4097
4099
4101
4101
4101
4102
4104
4105
4105
4105
4106
4107
4107
4107
4108
4109
4109
4110
4110
4111
4112
4112
4113
4114
4115
4117
4118
4119
4121
4121
4123
4124
4125
4126
4126
4127
4127
4127
4128
4128
4129
4130
4131
4131
4131
4131
4132
4133
4135
4135
4136
4137
4137
4139
4139
4140
4140
4141
4141
4142
4143
4143
4144
4144
4145
4145
4146
4147
4148
4148
4148
4149
4149
4150
4151
4152
4153
4153
4153
4155
4155
4156
4156
4156
4157
4157
4157
4158
4158
4160
4160
4161
4161
4162
4164
4168
4168
4168
4169
4170
4171
4171
4172
4172
4172
4173
4173
4174
4174
4174
4175
4176
4176
4176
4177
4177
4177
4179
4181
4183
4184
4185
4185
4185
4186
4186
4186
4186
4187
4187
4188
4189
4189
4190
4193
4193
4194
4194
4195
4196
4196
4197
4197
4197
4198
4199
4200
4201
4201
4202
4202
4203
4205
4206
4206
4208
4210
4210
4210
4213
4214
4215
4216
4216
4217
4217
4218
4218
4218
4219
4220
4221
4221
4222
4223
4224
4224
4224
4225
4226
4227
4227
4228
4228
4229
4229
4230
4231
4231
4231
4231
4233
4233
4233
4234
4235
4236
4237
4240
4243
4245
4246
4246
4247
4251
4252
4252
4252
4253
4256
4256
4256
4256
4257
4257
4258
4258
4258
4258
4258
4259
4259
4262
4262
4263
4265
4265
4265
4266
4267
4268
4269
4270
4270
4272
4272
4272
4273
4273
4274
4274
4275
4275
4277
4277
4277
4278
4279
4280
4280
4280
4282
4282
4282
4283
4284
4287
4287
4287
4287
4288
4288
4288
4289
4289
4289
4289
4289
4290
4290
4290
4290
4291
4291
4291
4291
4292
4292
4292
4293
4294
4294
4294
4296
4296
4298
4298
4298
4298
4298
4299
4300
4300
4302
4303
4303
4303
4303
4303
4303
4304
4306
4307
4307
4308
4308
4308
4308
4308
4309
4309
4310
4310
4311
4312
4312
4312
4313
4313
4314
4315
4315
4316
4318
4319
4319
4320
4320
4321
4321
4322
4322
4322
4322
4323
4323
4323
4324
4325
4325
4325
4326
4326
4326
4327
4327
4327
4329
4329
4329
4330
4331
4332
4332
4333
4335
4335
4336
4337
4337
4338
4339
4339
4339
4340
4340
4340
4342
4343
4344
4345
4346
4347
4348
4348
4349
4349
4350
4350
4353
4354
4355
4358
4360
4360
4362
4363
4364
4367
4367
4367
4368
4368
4369
4369
4369
4370
4370
4371
4373
4373
4373
4374
4374
4375
4376
4378
4378
4379
4381
4382
4383
4383
4383
4383
4383
4384
4384
4385
4386
4386
4388
4389
4390
4391
4392
4392
4392
4393
4393
4395
4397
4398
4398
4399
4399
4399
4400
4402
4403
4405
4405
4405
4407
4407
4407
4408
4409
4410
4411
4411
4411
4412
4412
4412
4413
4413
4413
4413
4414
4415
4416
4416
4417
4417
4418
4419
4420
4420
4420
4420
4420
4422
4422
4423
4424
4424
4424
4425
4426
4426
4427
4427
4427
4428
4428
4430
4430
4431
4432
4432
4433
4433
4433
4435
4436
4437
4437
4438
4438
4440
4443
4443
4445
4445
4448
4448
4448
4449
4449
4449
4449
4450
4450
4451
4452
4452
4457
4457
4458
4459
4460
4461
4461
4461
4461
4462
4463
4466
4467
4467
4468
4468
4469
4471
4471
4473
4473
4474
4474
4474
4474
4475
4477
4477
4478
4478
4478
4479
4479
4479
4480
4481
4481
4481
4482
4482
4484
4484
4486
4486
4486
4488
4488
4489
4490
4492
4493
4494
4495
4495
4496
4496
4499
4499
4499
4502
4502
4503
4503
4505
4505
4505
4506
4507
4507
4509
4509
4510
4510
4510
4511
4511
4511
4512
4513
4513
4514
4514
4514
4516
4517
4517
4517
4518
4518
4518
4519
4519
4520
4520
4520
4521
4521
4522
4524
4524
4527
4529
4529
4533
4533
4533
4533
4534
4534
4535
4535
4535
4536
4537
4537
4537
4537
4538
4538
4538
4539
4540
4540
4540
4541
4541
4542
4543
4544
4544
4547
4547
4549
4550
4550
4551
4551
4552
4553
4554
4554
4554
4555
4556
4556
4556
4557
4557
4557
4557
4557
4557
4558
4558
4559
4560
4560
4561
4561
4561
4563
4564
4564
4565
4566
4568
4568
4569
4569
4569
4569
4573
4574
4574
4574
4575
4575
4575
4576
4576
4576
4577
4578
4578
4578
4579
4579
4580
4580
4580
4581
4582
4582
4582
4583
4584
4585
4586
4587
4587
4587
4588
4588
4588
4589
4590
4591
4591
4591
4592
4594
4594
4595
4595
4596
4596
4597
4598
4599
4600
4601
4601
4601
4602
4602
4603
4603
4603
4603
4604
4605
4606
4606
4606
4607
4607
4608
4608
4609
4611
4611
4612
4612
4613
4614
4614
4616
4616
4617
4617
4618
4619
4619
4619
4621
4622
4622
4622
4623
4625
4626
4626
4626
4626
4626
4627
4628
4628
4628
4630
4630
4631
4631
4632
4633
4634
4634
4635
4636
4636
4636
4638
4638
4639
4639
4639
4640
4641
4641
4642
4642
4644
4645
4645
4645
4646
4646
4646
4646
4647
4647
4648
4650
4650
4651
4651
4651
4651
4651
4651
4651
4653
4654
4655
4657
4657
4657
4658
4659
4660
4660
4660
4661
4663
4663
4665
4665
4665
4665
4666
4666
4666
4666
4666
4667
4667
4667
4667
4667
4668
4668
4669
4670
4672
4672
4672
4672
4673
4674
4674
4674
4674
4675
4675
4675
4676
4677
4677
4678
4679
4679
4679
4679
4680
4680
4680
4681
4681
4681
4683
4685
4686
4686
4689
4690
4691
4692
4692
4692
4693
4694
4695
4695
4695
4696
4697
4697
4697
4698
4699
4700
4701
4701
4702
4702
4703
4705
4706
4706
4706
4706
4706
4706
4706
4707
4710
4710
4710
4710
4712
4713
4714
4714
4715
4715
4715
4715
4716
4717
4718
4718
4718
4718
4718
4720
4720
4721
4721
4721
4722
4723
4723
4726
4726
4728
4729
4729
4729
4730
4730
4732
4732
4734
4735
4735
4736
4736
4737
4738
4739
4739
4739
4743
4744
4744
4747
4748
4748
4748
4750
4750
4751
4752
4752
4753
4753
4753
4754
4754
4754
4755
4755
4755
4756
4756
4757
4758
4758
4758
4760
4761
4762
4765
4766
4768
4769
4770
4770
4771
4771
4772
4772
4773
4773
4775
4776
4777
4777
4778
4778
4778
4778
4780
4781
4782
4783
4784
4784
4785
4786
4787
4788
4788
4789
4790
4790
4791
4791
4792
4792
4792
4793
4793
4793
4793
4793
4794
4796
4796
4796
4796
4796
4797
4800
4802
4802
4803
4804
4804
4805
4805
4808
4808
4809
4809
4810
4810
4811
4811
4811
4812
4812
4812
4812
4814
4815
4816
4816
4817
4817
4818
4818
4818
4819
4819
4819
4822
4822
4822
4823
4823
4823
4824
4825
4826
4826
4826
4826
4827
4827
4827
4828
4829
4829
4829
4830
4830
4830
4831
4833
4833
4834
4835
4835
4836
4836
4836
4838
4838
4839
4840
4842
4842
4842
4843
4843
4844
4846
4846
4847
4848
4849
4850
4850
4850
4850
4851
4851
4852
4853
4855
4855
4855
4856
4857
4857
4857
4857
4857
4858
4858
4858
4859
4861
4861
4862
4862
4864
4864
4864
4866
4867
4867
4868
4869
4872
4872
4872
4874
4874
4878
4878
4879
4879
4879
4879
4880
4880
4880
4881
4881
4882
4882
4883
4884
4887
4887
4888
4888
4888
4889
4889
4890
4892
4894
4894
4894
4894
4896
4897
4897
4897
4897
4899
4900
4900
4900
4901
4902
4904
4905
4905
4906
4906
4906
4906
4907
4908
4908
4909
4910
4910
4910
4911
4911
4911
4911
4911
4912
4913
4913
4914
4914
4915
4915
4916
4916
4916
4917
4918
4919
4920
4921
4921
4921
4921
4921
4922
4923
4924
4925
4926
4927
4928
4928
4929
4931
4931
4931
4931
4931
4931
4931
4932
4932
4934
4934
4934
4934
4934
4935
4935
4936
4937
4937
4937
4939
4939
4939
4939
4939
4940
4941
4941
4942
4942
4942
4944
4946
4947
4948
4949
4950
4950
4950
4951
4951
4951
4951
4952
4952
4952
4952
4954
4954
4954
4954
4954
4954
4954
4955
4956
4957
4957
4957
4957
4958
4959
4960
4960
4960
4961
4961
4962
4963
4963
4963
4963
4964
4966
4967
4968
4970
4970
4970
4971
4973
4973
4975
4976
4976
4977
4978
4978
4978
4979
4979
4980
4980
4981
4981
4981
4981
4982
4982
4982
4985
4985
4986
4987
4988
4989
4989
4991
4995
4996
4996
4997
4997
4998
5001
5002
5002
5003
5003
5004
5006
5006
5006
5006
5007
5007
5008
5008
5009
5010
5010
5010
5010
5011
5011
5012
5012
5012
5012
5013
5014
5014
5015
5015
5015
5017
5017
5019
5019
5019
5021
5021
5022
5022
5023
5025
5025
5026
5026
5026
5027
5028
5030
5030
5030
5031
5031
5032
5033
5034
5035
5035
5035
5036
5037
5037
5037
5037
5039
5039
5041
5041
5042
5043
5044
5044
5046
5046
5047
5047
5047
5048
5048
5048
5048
5049
5049
5050
5051
5051
5052
5052
5053
5053
5054
5054
5055
5055
5056
5056
5058
5058
5059
5060
5060
5061
5061
5062
5062
5063
5064
5065
5066
5066
5066
5066
5066
5067
5067
5068
5068
5069
5069
5070
5070
5070
5071
5072
5073
5073
5073
5074
5074
5075
5078
5078
5079
5079
5080
5080
5081
5081
5081
5081
5085
5085
5086
5086
5087
5088
5088
5088
5089
5090
5090
5090
5091
5091
5091
5092
5092
5093
5094
5095
5095
5097
5100
5101
5102
5103
5104
5104
5105
5106
5106
5106
5107
5107
5108
5108
5110
5111
5113
5113
5113
5114
5114
5115
5116
5116
5117
5118
5118
5119
5119
5120
5121
5122
5122
5124
5126
5128
5129
5129
5129
5129
5129
5129
5131
5131
5131
5132
5133
5133
5133
5133
5133
5134
5134
5134
5135
5136
5136
5136
5137
5137
5138
5139
5139
5139
5140
5140
5141
5141
5142
5143
5143
5144
5145
5146
5147
5148
5148
5148
5151
5151
5151
5152
5152
5153
5154
5154
5154
5156
5157
5157
5157
5159
5159
5160
5160
5161
5161
5162
5164
5166
5167
5168
5169
5170
5170
5171
5171
5172
5172
5174
5174
5176
5176
5177
5177
5179
5179
5181
5181
5181
5182
5182
5182
5183
5183
5184
5184
5186
5187
5187
5188
5188
5188
5189
5189
5191
5192
5192
5193
5193
5193
5193
5195
5195
5196
5198
5199
5200
5202
5202
5203
5204
5205
5206
5206
5207
5207
5208
5208
5210
5210
5211
5211
5212
5212
5213
5214
5215
5216
5216
5216
5216
5217
5217
5218
5218
5218
5220
5222
5222
5222
5222
5223
5224
5225
5225
5226
5226
5226
5227
5227
5230
5230
5230
5231
5231
5231
5232
5232
5232
5233
5233
5233
5236
5236
5237
5237
5238
5238
5238
5239
5239
5240
5241
5241
5242
5242
5242
5243
5245
5245
5247
5247
5247
5247
5248
5249
5249
5250
5250
5250
5251
5251
5251
5253
5253
5253
5253
5253
5254
5254
5255
5256
5256
5257
5257
5257
5258
5258
5259
5259
5261
5263
5264
5265
5266
5266
5266
5267
5267
5267
5267
5268
5270
5270
5270
5270
5272
5273
5273
5274
5274
5276
5277
5278
5278
5278
5278
5278
5278
5279
5279
5280
5281
5283
5285
5285
5286
5288
5289
5289
5289
5289
5289
5290
5290
5291
5291
5293
5294
5294
5295
5296
5296
5297
5297
5298
5300
5301
5301
5301
5302
5302
5302
5303
5304
5305
5305
5309
5310
5310
5311
5311
5311
5311
5312
5312
5312
5313
5313
5313
5314
5314
5314
5315
5315
5316
5316
5317
5317
5317
5318
5318
5319
5319
5319
5320
5320
5320
5321
5321
5322
5324
5325
5325
5326
5327
5327
5328
5329
5329
5329
5330
5331
5332
5332
5333
5333
5333
5333
5334
5335
5336
5337
5338
5339
5341
5341
5341
5342
5342
5343
5343
5344
5344
5345
5345
5346
5347
5347
5349
5351
5353
5353
5355
5355
5356
5357
5357
5358
5358
5358
5360
5360
5360
5361
5362
5362
5362
5363
5364
5364
5365
5365
5367
5368
5368
5369
5370
5370
5372
5373
5373
5375
5375
5376
5377
5377
5378
5378
5379
5379
5379
5379
5379
5380
5381
5381
5381
5382
5382
5383
5383
5384
5384
5384
5384
5385
5386
5387
5388
5388
5388
5389
5389
5389
5390
5390
5390
5391
5391
5391
5392
5393
5393
5394
5394
5396
5396
5396
5396
5396
5398
5398
5399
5400
5400
5400
5401
5401
5403
5406
5406
5406
5406
5407
5407
5407
5407
5407
5408
5408
5410
5412
5413
5414
5415
5415
5415
5415
5415
5415
5416
5417
5417
5418
5418
5419
5420
5420
5421
5421
5422
5423
5424
5425
5425
5427
5427
5428
5428
5429
5430
5430
5431
5431
5431
5432
5433
5434
5438
5438
5440
5441
5442
5442
5442
5442
5443
5444
5444
5445
5446
5447
5447
5448
5450
5451
5451
5451
5451
5452
5452
5453
5453
5454
5454
5455
5455
5456
5457
5457
5457
5460
5461
5462
5462
5463
5464
5464
5465
5465
5466
5466
5467
5469
5470
5472
5472
5473
5473
5474
5476
5478
5479
5482
5484
5484
5484
5489
5490
5490
5492
5492
5493
5493
5494
5495
5496
5496
5496
5500
5500
5500
5500
5500
5501
5501
5501
5502
5503
5503
5504
5504
5505
5506
5507
5507
5507
5508
5509
5510
5511
5511
5512
5512
5514
5514
5515
5515
5516
5516
5518
5519
5520
5520
5520
5521
5521
5522
5522
5523
5524
5524
5525
5525
5525
5525
5526
5526
5526
5527
5528
5528
5529
5529
5529
5529
5530
5530
5531
5532
5532
5533
5533
5538
5539
5539
5540
5540
5542
5542
5542
5543
5543
5544
5544
5545
5545
5546
5547
5547
5547
5548
5550
5550
5551
5551
5552
5552
5552
5553
5553
5553
5554
5554
5555
5555
5556
5557
5557
5559
5559
5559
5560
5561
5561
5563
5565
5565
5565
5567
5567
5567
5568
5569
5569
5569
5571
5571
5572
5572
5574
5575
5575
5577
5577
5577
5578
5579
5579
5579
5580
5580
5582
5582
5583
5583
5584
5584
5585
5585
5586
5586
5588
5588
5588
5589
5590
5590
5592
5593
5596
5597
5597
5599
5601
5601
5602
5602
5603
5603
5604
5604
5604
5605
5607
5608
5611
5611
5613
5613
5613
5614
5615
5615
5615
5616
5616
5617
5618
5619
5619
5620
5620
5621
5622
5623
5623
5624
5624
5624
5626
5628
5628
5628
5629
5629
5630
5630
5630
5631
5631
5632
5632
5632
5632
5633
5634
5634
5634
5636
5637
5638
5639
5639
5639
5639
5641
5641
5642
5643
5643
5644
5646
5647
5648
5648
5648
5648
5649
5649
5650
5650
5650
5650
5651
5652
5653
5654
5654
5654
5656
5656
5656
5657
5658
5659
5660
5660
5660
5660
5661
5661
5662
5662
5662
5663
5663
5664
5665
5666
5666
5666
5667
5667
5667
5669
5670
5670
5671
5672
5673
5673
5673
5673
5674
5674
5674
5675
5675
5675
5675
5675
5676
5676
5676
5680
5681
5682
5683
5684
5684
5684
5685
5685
5688
5688
5688
5688
5689
5689
5690
5691
5692
5693
5693
5694
5695
5697
5699
5699
5700
5700
5701
5702
5702
5703
5703
5703
5703
5704
5704
5705
5705
5705
5706
5706
5706
5707
5708
5709
5710
5710
5710
5712
5712
5712
5712
5713
5714
5714
5714
5715
5715
5715
5716
5718
5718
5719
5719
5719
5721
5721
5722
5722
5723
5723
5724
5725
5725
5726
5726
5726
5727
5728
5730
5730
5730
5731
5736
5736
5737
5737
5738
5739
5740
5740
5741
5743
5743
5743
5744
5744
5746
5746
5747
5747
5748
5748
5749
5751
5751
5752
5754
5755
5755
5755
5756
5757
5758
5758
5759
5760
5762
5763
5765
5766
5766
5767
5767
5768
5768
5768
5769
5769
5769
5770
5771
5771
5772
5773
5773
5775
5775
5775
5777
5777
5777
5777
5781
5781
5782
5783
5784
5786
5787
5788
5788
5789
5789
5789
5790
5790
5791
5792
5792
5792
5793
5797
5798
5798
5799
5800
5800
5802
5802
5802
5802
5804
5805
5806
5807
5807
5807
5808
5808
5809
5809
5809
5811
5812
5812
5813
5813
5814
5814
5815
5816
5818
5819
5819
5820
5821
5821
5824
5825
5825
5827
5828
5828
5829
5829
5830
5830
5830
5830
5831
5831
5833
5833
5833
5834
5834
5835
5838
5838
5838
5839
5840
5840
5840
5841
5843
5844
5844
5845
5846
5847
5848
5849
5850
5851
5851
5852
5853
5853
5853
5854
5854
5856
5856
5857
5857
5859
5859
5859
5860
5860
5860
5863
5863
5863
5864
5864
5865
5865
5865
5865
5867
5867
5868
5868
5869
5869
5870
5872
5872
5873
5875
5875
5875
5876
5876
5877
5878
5879
5880
5880
5882
5882
5882
5882
5884
5884
5884
5885
5885
5886
5886
5888
5888
5888
5888
5889
5889
5889
5890
5890
5890
5890
5891
5892
5892
5892
5892
5892
5893
5895
5895
5898
5900
5900
5901
5901
5903
5903
5904
5905
5907
5907
5907
5910
5910
5910
5912
5912
5914
5914
5915
5915
5916
5917
5917
5917
5918
5918
5919
5921
5921
5921
5922
5922
5923
5924
5924
5924
5927
5927
5927
5927
5929
5930
5930
5931
5931
5931
5932
5933
5933
5933
5935
5935
5936
5936
5936
5936
5937
5939
5939
5940
5941
5941
5942
5942
5942
5943
5944
5945
5946
5946
5948
5948
5950
5950
5950
5952
5952
5952
5953
5954
5955
5957
5957
5958
5958
5959
5960
5960
5963
5963
5963
5964
5965
5965
5965
5967
5967
5967
5968
5968
5969
5972
5972
5974
5974
5974
5975
5975
5975
5976
5976
5976
5978
5978
5979
5979
5979
5981
5981
5981
5982
5982
5983
5983
5984
5985
5987
5987
5987
5988
5988
5988
5988
5989
5989
5989
5990
5992
5993
5994
5995
5997
5997
5998
5998
5998
6000
6000
6000
6001
6002
6002
6005
6005
6005
6006
6006
6008
6008
6008
6008
6009
6011
6011
6012
6012
6013
6014
6014
6014
6015
6016
6017
6018
6021
6021
6021
6021
6021
6022
6024
6024
6025
6026
6026
6026
6027
6028
6029
6029
6031
6031
6031
6032
6032
6033
6033
6033
6033
6035
6036
6037
6037
6037
6038
6039
6039
6040
6041
6041
6041
6042
6042
6043
6043
6044
6044
6044
6045
6046
6046
6047
6047
6048
6048
6049
6050
6050
6051
6051
6051
6052
6052
6053
6053
6053
6054
6054
6056
6056
6056
6056
6057
6059
6059
6059
6059
6059
6060
6061
6061
6062
6062
6062
6063
6063
6064
6066
6066
6069
6071
6073
6073
6074
6074
6075
6076
6076
6076
6077
6077
6078
6079
6081
6081
6082
6082
6084
6085
6086
6086
6087
6088
6089
6089
6091
6091
6091
6091
6092
6092
6093
6093
6093
6094
6095
6095
6095
6096
6096
6098
6098
6099
6101
6102
6103
6103
6103
6103
6104
6104
6104
6105
6105
6105
6105
6106
6108
6108
6110
6112
6113
6113
6113
6115
6115
6115
6115
6116
6116
6116
6117
6118
6119
6120
6122
6124
6126
6127
6127
6128
6128
6128
6130
6131
6131
6132
6134
6134
6135
6135
6136
6136
6136
6137
6137
6138
6142
6142
6143
6144
6144
6145
6145
6146
6147
6148
6148
6149
6149
6150
6150
6150
6151
6151
6151
6152
6152
6159
6159
6159
6159
6160
6161
6161
6162
6163
6163
6164
6164
6164
6165
6165
6165
6165
6166
6166
6166
6167
6168
6169
6171
6172
6172
6173
6174
6175
6176
6176
6176
6177
6177
6178
6178
6178
6178
6180
6182
6183
6184
6185
6185
6185
6185
6185
6186
6186
6186
6186
6187
6187
6188
6188
6188
6188
6189
6190
6190
6191
6191
6191
6192
6192
6193
6193
6193
6193
6193
6194
6194
6194
6196
6198
6198
6201
6203
6204
6205
6205
6207
6208
6209
6210
6212
6213
6214
6214
6215
6215
6216
6216
6217
6219
6220
6220
6220
6220
6221
6222
6222
6222
6224
6224
6224
6224
6224
6226
6227
6227
6228
6229
6229
6231
6231
6232
6233
6233
6234
6234
6234
6235
6235
6235
6235
6235
6236
6236
6237
6238
6238
6239
6240
6241
6241
6241
6243
6243
6243
6243
6244
6244
6246
6247
6250
6250
6251
6251
6252
6252
6253
6253
6253
6254
6254
6255
6256
6257
6257
6259
6261
6261
6262
6262
6262
6262
6263
6263
6265
6266
6267
6268
6270
6272
6272
6272
6273
6274
6274
6275
6276
6276
6277
6278
6279
6279
6279
6279
6279
6280
6280
6281
6282
6282
6282
6283
6283
6283
6283
6283
6283
6283
6283
6285
6285
6285
6286
6288
6289
6289
6289
6290
6291
6292
6292
6292
6295
6297
6298
6298
6299
6301
6302
6302
6304
6305
6305
6305
6305
6306
6306
6307
6308
6308
6308
6309
6310
6311
6311
6311
6311
6313
6313
6314
6314
6315
6315
6317
6317
6317
6319
6320
6321
6321
6321
6321
6322
6323
6323
6323
6324
6324
6325
6327
6328
6330
6330
6331
6332
6333
6334
6334
6335
6335
6335
6336
6337
6337
6339
6340
6341
6341
6341
6341
6342
6342
6343
6343
6344
6344
6344
6345
6347
6347
6348
6349
6349
6350
6351
6351
6353
6353
6353
6355
6355
6355
6356
6356
6358
6359
6359
6359
6359
6360
6361
6362
6363
6363
6364
6365
6365
6367
6368
6370
6371
6371
6372
6373
6374
6374
6376
6377
6377
6378
6379
6379
6379
6380
6380
6380
6380
6380
6382
6383
6383
6384
6388
6389
6389
6390
6392
6392
6393
6394
6394
6394
6394
6395
6395
6395
6395
6397
6398
6398
6398
6400
6400
6400
6400
6401
6402
6403
6404
6404
6404
6404
6404
6405
6405
6405
6406
6406
6408
6408
6409
6409
6410
6412
6412
6413
6414
6414
6414
6415
6416
6416
6416
6418
6420
6420
6420
6421
6422
6422
6424
6424
6424
6425
6425
6425
6426
6428
6428
6428
6428
6430
6430
6431
6431
6433
6433
6435
6438
6439
6439
6439
6440
6440
6440
6440
6441
6441
6443
6444
6444
6446
6446
6448
6451
6452
6453
6453
6453
6454
6454
6454
6454
6456
6457
6458
6459
6460
6461
6461
6462
6462
6463
6464
6465
6465
6466
6466
6466
6466
6466
6467
6467
6467
6468
6470
6471
6471
6472
6473
6473
6473
6473
6474
6474
6474
6474
6475
6479
6479
6481
6481
6482
6483
6483
6484
6485
6486
6486
6486
6486
6487
6487
6488
6489
6489
6489
6490
6490
6491
6491
6493
6494
6495
6496
6497
6498
6498
6499
6500
6501
6502
6502
6502
6503
6503
6505
6506
6506
6507
6508
6508
6508
6508
6508
6509
6510
6510
6511
6511
6512
6512
6513
6514
6515
6515
6516
6516
6516
6517
6517
6517
6518
6518
6519
6522
6523
6523
6523
6523
6523
6523
6523
6524
6524
6524
6524
6526
6526
6526
6527
6530
6530
6530
6531
6531
6533
6533
6533
6533
6533
6534
6535
6535
6535
6536
6536
6536
6538
6539
6539
6540
6540
6541
6541
6544
6544
6544
6545
6546
6547
6547
6547
6548
6549
6552
6552
6553
6554
6555
6556
6556
6556
6558
6558
6559
6561
6561
6562
6562
6563
6564
6566
6566
6567
6568
6569
6570
6571
6571
6572
6573
6573
6577
6577
6578
6578
6578
6579
6580
6583
6583
6584
6586
6586
6587
6588
6589
6592
6593
6594
6594
6594
6595
6595
6595
6595
6596
6596
6596
6596
6596
6597
6598
6600
6600
6602
6603
6604
6605
6606
6606
6606
6606
6606
6606
6608
6611
6611
6612
6612
6612
6612
6613
6616
6617
6618
6618
6619
6620
6621
6624
6624
6625
6625
6626
6627
6627
6627
6628
6628
6629
6629
6630
6630
6631
6631
6632
6632
6632
6634
6634
6634
6635
6635
6636
6637
6638
6639
6639
6640
6640
6641
6644
6644
6645
6646
6646
6646
6647
6647
6648
6648
6648
6648
6648
6649
6650
6651
6653
6653
6655
6656
6657
6657
6657
6657
6659
6659
6659
6660
6661
6661
6662
6663
6663
6663
6663
6666
6667
6669
6669
6671
6671
6672
6674
6675
6676
6676
6676
6677
6677
6678
6679
6680
6680
6680
6681
6682
6684
6684
6684
6684
6684
6685
6686
6688
6689
6689
6689
6692
6692
6692
6693
6693
6693
6693
6695
6696
6696
6696
6696
6696
6697
6698
6698
6698
6701
6702
6703
6703
6703
6705
6706
6706
6706
6707
6707
6707
6708
6710
6711
6711
6711
6711
6713
6714
6716
6717
6718
6718
6719
6719
6720
6721
6721
6721
6722
6723
6724
6724
6727
6728
6731
6731
6732
6733
6733
6733
6734
6734
6737
6737
6737
6737
6738
6738
6738
6739
6740
6741
6743
6744
6746
6746
6746
6747
6747
6748
6748
6750
6751
6753
6753
6754
6755
6755
6756
6757
6758
6758
6760
6761
6761
6762
6762
6763
6764
6764
6764
6766
6766
6766
6768
6768
6769
6769
6770
6771
6773
6774
6776
6777
6777
6777
6779
6781
6781
6782
6783
6784
6784
6784
6785
6785
6786
6787
6787
6787
6788
6790
6791
6792
6794
6794
6795
6795
6796
6796
6797
6797
6797
6798
6799
6799
6801
6801
6801
6801
6801
6802
6802
6802
6803
6804
6805
6806
6806
6806
6807
6807
6808
6808
6809
6810
6810
6812
6812
6812
6813
6813
6814
6815
6815
6815
6815
6815
6815
6816
6816
6816
6817
6818
6820
6821
6823
6824
6824
6824
6825
6825
6826
6826
6826
6826
6826
6826
6827
6827
6827
6828
6829
6829
6833
6833
6833
6834
6835
6836
6836
6836
6837
6838
6841
6844
6844
6846
6848
6848
6848
6848
6849
6850
6850
6851
6851
6853
6853
6854
6855
6855
6856
6858
6859
6860
6860
6861
6862
6863
6864
6864
6865
6865
6867
6868
6870
6870
6872
6873
6873
6873
6876
6877
6877
6878
6879
6879
6880
6880
6881
6881
6883
6883
6885
6885
6886
6886
6887
6887
6887
6888
6889
6889
6891
6892
6892
6893
6894
6899
6899
6901
6901
6901
6901
6901
6902
6902
6902
6903
6905
6905
6905
6905
6907
6907
6907
6908
6909
6910
6911
6911
6913
6914
6914
6914
6914
6914
6914
6915
6916
6917
6917
6918
6919
6920
6921
6921
6923
6923
6924
6924
6924
6926
6926
6927
6928
6929
6932
6934
6934
6936
6939
6939
6939
6940
6941
6942
6942
6943
6945
6945
6945
6945
6946
6946
6947
6948
6950
6951
6951
6953
6954
6956
6956
6956
6958
6960
6962
6963
6963
6963
6963
6964
6964
6965
6965
6967
6967
6970
6970
6972
6972
6973
6973
6973
6974
6974
6975
6976
6976
6978
6980
6980
6980
6980
6981
6981
6981
6982
6983
6983
6985
6986
6986
6986
6986
6987
6988
6988
6988
6989
6989
6989
6989
6990
6991
6991
6992
6993
6993
6994
6996
6996
6996
6998
6999
6999
7001
7001
7001
7002
7002
7002
7002
7003
7004
7004
7004
7004
7006
7006
7007
7007
7008
7008
7010
7012
7012
7013
7014
7014
7015
7015
7015
7018
7018
7020
7021
7021
7021
7021
7022
7022
7023
7023
7024
7024
7026
7027
7028
7028
7029
7030
7031
7032
7033
7035
7035
7037
7038
7038
7040
7044
7044
7045
7047
7048
7048
7048
7049
7049
7050
7050
7050
7050
7050
7051
7053
7054
7054
7055
7056
7057
7058
7059
7059
7059
7061
7063
7064
7065
7065
7065
7065
7066
7069
7071
7073
7073
7074
7076
7077
7078
7078
7079
7079
7080
7081
7082
7082
7082
7083
7084
7086
7086
7089
7090
7090
7090
7091
7092
7092
7092
7093
7094
7094
7095
7095
7095
7096
7096
7097
7098
7098
7098
7099
7101
7101
7102
7104
7104
7108
7108
7109
7109
7111
7111
7111
7111
7111
7111
7112
7112
7112
7115
7115
7116
7118
7118
7119
7119
7120
7121
7121
7122
7123
7123
7124
7124
7124
7125
7125
7125
7127
7127
7128
7129
7129
7130
7131
7131
7132
7132
7133
7133
7134
7135
7136
7136
7137
7138
7138
7139
7140
7140
7141
7141
7142
7143
7144
7144
7146
7146
7147
7147
7148
7148
7148
7148
7149
7149
7151
7152
7153
7153
7154
7155
7155
7155
7156
7156
7157
7157
7157
7157
7158
7159
7159
7159
7161
7161
7161
7162
7162
7163
7163
7163
7164
7165
7166
7166
7167
7167
7167
7168
7168
7169
7170
7171
7172
7173
7173
7174
7175
7175
7175
7175
7175
7176
7177
7177
7178
7179
7179
7180
7181
7182
7183
7183
7183
7184
7184
7185
7185
7186
7186
7188
7190
7191
7192
7192
7192
7193
7193
7193
7194
7195
7195
7195
7197
7197
7198
7199
7200
7200
7200
7200
7201
7201
7202
7203
7205
7206
7206
7208
7210
7211
7211
7211
7211
7211
7214
7214
7214
7215
7215
7215
7216
7216
7216
7217
7218
7218
7219
7219
7219
7220
7220
7220
7221
7222
7223
7224
7225
7226
7227
7229
7229
7230
7230
7230
7231
7232
7232
7235
7235
7236
7237
7238
7239
7239
7241
7242
7243
7243
7243
7244
7245
7246
7246
7246
7247
7248
7249
7249
7249
7250
7250
7251
7252
7253
7253
7254
7255
7255
7256
7257
7258
7260
7261
7261
7261
7261
7263
7263
7263
7264
7264
7266
7266
7267
7267
7268
7268
7268
7269
7269
7270
7271
7271
7273
7273
7273
7274
7277
7277
7278
7278
7278
7279
7280
7280
7283
7284
7286
7288
7288
7288
7289
7290
7292
7292
7292
7293
7293
7293
7294
7294
7294
7295
7295
7299
7299
7300
7300
7301
7302
7302
7303
7303
7303
7303
7304
7304
7306
7307
7307
7307
7310
7311
7312
7315
7315
7316
7316
7317
7318
7318
7318
7319
7320
7321
7321
7323
7323
7324
7325
7325
7325
7325
7327
7327
7329
7329
7330
7330
7331
7331
7331
7332
7332
7332
7333
7333
7334
7335
7335
7336
7337
7337
7338
7338
7340
7341
7341
7342
7343
7343
7343
7344
7346
7347
7347
7347
7348
7348
7349
7349
7350
7350
7351
7352
7352
7352
7353
7354
7355
7355
7355
7355
7355
7355
7356
7357
7358
7359
7359
7360
7361
7361
7362
7363
7363
7363
7363
7363
7364
7366
7366
7367
7367
7370
7371
7372
7372
7373
7373
7374
7374
7374
7375
7376
7378
7378
7380
7381
7381
7381
7382
7383
7385
7387
7387
7388
7390
7391
7392
7392
7393
7393
7393
7393
7395
7395
7396
7396
7397
7397
7397
7397
7398
7398
7398
7399
7399
7399
7400
7400
7401
7401
7401
7402
7403
7403
7403
7403
7404
7405
7405
7406
7407
7408
7408
7408
7409
7410
7410
7411
7412
7414
7415
7415
7416
7418
7418
7419
7419
7419
7420
7420
7421
7421
7421
7421
7421
7422
7424
7425
7425
7425
7427
7428
7428
7428
7429
7430
7430
7430
7431
7431
7432
7434
7434
7439
7439
7440
7440
7441
7441
7442
7445
7445
7447
7447
7447
7447
7449
7449
7450
7450
7451
7451
7452
7452
7452
7452
7453
7454
7454
7455
7455
7455
7456
7456
7457
7458
7458
7458
7459
7459
7460
7460
7460
7461
7461
7461
7462
7464
7465
7465
7467
7467
7467
7468
7469
7470
7472
7473
7473
7474
7475
7475
7475
7476
7476
7478
7478
7478
7479
7479
7479
7480
7480
7480
7481
7481
7482
7483
7483
7483
7483
7484
7486
7487
7488
7488
7488
7489
7490
7490
7491
7492
7493
7493
7494
7494
7495
7495
7496
7496
7497
7497
7499
7499
7500
7500
7501
7502
7503
7503
7505
7506
7506
7507
7508
7508
7509
7510
7510
7511
7511
7511
7513
7513
7513
7513
7516
7516
7517
7519
7519
7519
7520
7521
7521
7522
7523
7524
7524
7524
7524
7525
7525
7526
7526
7527
7527
7528
7528
7528
7529
7530
7530
7531
7532
7532
7533
7533
7534
7534
7534
7534
7535
7535
7536
7536
7536
7538
7538
7539
7539
7539
7540
7542
7543
7543
7544
7545
7545
7545
7546
7546
7547
7548
7548
7548
7551
7551
7551
7552
7552
7552
7553
7554
7554
7556
7556
7556
7557
7557
7557
7560
7560
7564
7564
7565
7566
7566
7569
7569
7570
7573
7575
7575
7576
7577
7577
7577
7577
7578
7578
7579
7579
7579
7579
7580
7580
7581
7581
7582
7583
7583
7584
7584
7585
7587
7590
7591
7591
7592
7593
7597
7598
7599
7600
7601
7602
7603
7603
7604
7604
7604
7605
7605
7606
7609
7611
7611
7612
7612
7612
7612
7612
7613
7613
7613
7614
7616
7617
7617
7618
7618
7618
7620
7622
7623
7624
7624
7624
7624
7625
7625
7626
7626
7626
7627
7627
7628
7628
7629
7629
7630
7630
7630
7631
7632
7633
7634
7635
7637
7637
7638
7638
7638
7638
7638
7639
7639
7640
7640
7640
7642
7644
7645
7645
7645
7645
7647
7647
7648
7649
7650
7650
7650
7651
7651
7652
7654
7655
7655
7656
7656
7658
7658
7659
7659
7659
7660
7662
7665
7666
7666
7667
7668
7668
7670
7670
7671
7671
7672
7672
7674
7674
7674
7675
7677
7677
7678
7678
7678
7679
7679
7682
7682
7684
7684
7686
7686
7687
7687
7687
7688
7688
7689
7689
7689
7691
7692
7692
7692
7692
7693
7695
7695
7696
7697
7697
7697
7697
7697
7698
7698
7700
7701
7701
7701
7702
7703
7703
7704
7704
7705
7705
7707
7707
7708
7709
7712
7712
7713
7713
7713
7714
7716
7717
7717
7718
7719
7720
7720
7720
7720
7721
7722
7723
7723
7723
7723
7723
7724
7724
7726
7726
7726
7727
7729
7730
7731
7733
7735
7735
7735
7736
7737
7737
7737
7737
7738
7738
7739
7740
7741
7741
7741
7741
7742
7742
7742
7743
7743
7743
7743
7743
7744
7745
7745
7745
7746
7746
7747
7747
7748
7749
7750
7751
7751
7752
7752
7752
7753
7753
7753
7754
7754
7754
7756
7757
7757
7757
7757
7758
7759
7760
7760
7761
7762
7762
7763
7764
7765
7765
7765
7765
7765
7767
7767
7768
7768
7768
7768
7768
7769
7770
7770
7770
7770
7770
7772
7772
7773
7773
7774
7775
7776
7777
7777
7778
7779
7780
7783
7784
7784
7784
7785
7786
7787
7788
7789
7789
7790
7790
7791
7792
7793
7793
7794
7794
7795
7795
7797
7798
7798
7798
7798
7799
7800
7801
7801
7801
7802
7803
7803
7804
7805
7805
7808
7808
7808
7811
7813
7813
7814
7815
7815
7815
7815
7815
7816
7817
7817
7817
7819
7819
7820
7820
7821
7822
7822
7823
7823
7824
7824
7824
7824
7825
7825
7825
7826
7826
7826
7827
7828
7828
7828
7828
7829
7830
7830
7830
7830
7830
7830
7831
7831
7832
7833
7833
7834
7836
7837
7837
7837
7838
7838
7839
7840
7840
7841
7841
7841
7841
7842
7842
7843
7843
7843
7845
7845
7848
7848
7848
7849
7849
7850
7850
7851
7852
7852
7852
7852
7852
7853
7853
7854
7855
7858
7859
7860
7860
7860
7860
7861
7861
7862
7862
7863
7863
7864
7864
7865
7865
7865
7865
7865
7866
7867
7867
7867
7868
7869
7869
7871
7871
7871
7874
7874
7874
7875
7876
7876
7876
7876
7876
7876
7877
7879
7879
7880
7880
7882
7883
7883
7884
7885
7886
7886
7887
7889
7889
7889
7889
7889
7890
7890
7891
7891
7891
7893
7893
7894
7895
7895
7895
7896
7896
7898
7898
7898
7898
7899
7900
7900
7902
7902
7902
7903
7903
7904
7904
7905
7905
7908
7908
7909
7910
7910
7911
7911
7912
7913
7915
7916
7917
7918
7919
7919
7920
7920
7921
7923
7923
7926
7927
7927
7927
7928
7928
7932
7932
7932
7933
7933
7934
7934
7934
7935
7936
7937
7937
7938
7938
7938
7939
7940
7940
7940
7941
7941
7941
7941
7943
7944
7944
7945
7945
7945
7946
7947
7948
7948
7950
7950
7950
7950
7950
7952
7952
7952
7952
7953
7953
7953
7954
7954
7955
7955
7955
7955
7956
7956
7958
7958
7958
7963
7963
7964
7965
7965
7966
7967
7967
7968
7969
7969
7969
7970
7970
7971
7971
7971
7972
7973
7974
7976
7976
7976
7978
7978
7979
7982
7982
7982
7983
7983
7984
7984
7984
7985
7985
7985
7985
7986
7987
7987
7988
7988
7989
7991
7991
7991
7992
7992
7993
7993
7994
7995
7995
7996
7996
7997
7998
7998
7998
7999
7999
8000
8000
8000
8001
8003
8003
8003
8004
8006
8007
8008
8008
8009
8010
8012
8013
8013
8014
8014
8015
8016
8017
8018
8018
8018
8018
8019
8019
8019
8020
8020
8022
8023
8024
8024
8024
8024
8025
8025
8027
8028
8028
8028
8028
8029
8030
8030
8030
8031
8032
8033
8034
8035
8035
8036
8036
8037
8038
8039
8040
8040
8040
8041
8042
8042
8042
8043
8044
8046
8047
8047
8047
8047
8049
8050
8051
8051
8052
8053
8054
8054
8054
8055
8060
8060
8062
8063
8065
8066
8066
8066
8066
8068
8068
8068
8068
8070
8071
8072
8072
8074
8074
8075
8076
8076
8077
8078
8078
8078
8079
8080
8081
8082
8082
8084
8084
8084
8085
8086
8087
8087
8087
8088
8088
8088
8088
8089
8089
8089
8090
8090
8091
8094
8095
8096
8098
8099
8100
8100
8100
8100
8101
8101
8102
8103
8103
8105
8105
8106
8106
8107
8108
8109
8109
8111
8113
8114
8115
8115
8116
8116
8116
8117
8117
8118
8120
8121
8121
8122
8122
8123
8125
8126
8127
8127
8129
8131
8131
8131
8132
8132
8132
8135
8135
8136
8136
8137
8138
8138
8139
8139
8139
8140
8141
8141
8142
8142
8143
8144
8147
8149
8150
8150
8150
8150
8151
8151
8152
8153
8155
8157
8157
8157
8157
8160
8160
8160
8162
8163
8163
8164
8165
8165
8166
8167
8168
8168
8169
8169
8169
8170
8171
8171
8172
8172
8173
8173
8174
8174
8175
8176
8178
8179
8179
8179
8179
8180
8181
8181
8181
8186
8186
8187
8187
8189
8189
8190
8190
8191
8192
8193
8194
8195
8196
8196
8198
8199
8199
8199
8199
8200
8200
8201
8202
8203
8203
8203
8203
8204
8204
8204
8204
8205
8205
8205
8207
8207
8207
8208
8208
8208
8210
8210
8211
8211
8212
8213
8215
8215
8215
8216
8216
8217
8219
8220
8221
8221
8221
8223
8224
8227
8227
8228
8228
8228
8229
8230
8231
8231
8232
8232
8233
8234
8234
8240
8240
8240
8240
8240
8241
8241
8241
8242
8242
8243
8243
8244
8244
8245
8245
8245
8248
8249
8251
8251
8252
8252
8252
8253
8255
8257
8258
8259
8259
8259
8260
8260
8261
8261
8262
8262
8263
8263
8264
8264
8264
8265
8266
8266
8266
8266
8266
8268
8268
8268
8269
8270
8271
8271
8272
8273
8273
8273
8274
8275
8277
8278
8280
8280
8283
8283
8284
8284
8284
8285
8286
8288
8289
8289
8289
8289
8291
8291
8291
8292
8292
8293
8294
8296
8296
8296
8297
8298
8298
8299
8300
8301
8303
8305
8305
8305
8305
8306
8306
8308
8309
8309
8309
8310
8310
8310
8312
8312
8316
8317
8317
8318
8318
8318
8320
8320
8322
8322
8322
8324
8325
8325
8326
8326
8327
8327
8327
8331
8332
8333
8333
8333
8333
8334
8334
8334
8334
8336
8336
8337
8337
8339
8339
8339
8339
8341
8342
8342
8343
8345
8345
8345
8345
8345
8345
8347
8347
8347
8348
8348
8349
8350
8350
8351
8352
8352
8353
8353
8355
8355
8356
8356
8357
8357
8359
8359
8359
8360
8360
8360
8361
8361
8362
8362
8363
8363
8363
8364
8364
8364
8364
8364
8366
8366
8366
8366
8367
8367
8367
8368
8369
8369
8369
8371
8372
8372
8372
8373
8375
8375
8375
8377
8377
8377
8378
8378
8380
8381
8381
8382
8383
8383
8383
8384
8384
8384
8385
8385
8386
8387
8387
8389
8389
8389
8389
8390
8390
8390
8391
8391
8392
8392
8392
8393
8396
8397
8397
8398
8398
8398
8399
8399
8399
8399
8400
8400
8401
8401
8401
8404
8404
8405
8405
8406
8406
8406
8407
8411
8414
8414
8416
8416
8417
8417
8418
8418
8419
8420
8421
8422
8422
8423
8423
8424
8424
8424
8424
8425
8425
8428
8428
8428
8429
8430
8432
8432
8433
8433
8434
8435
8436
8436
8436
8436
8437
8438
8438
8441
8441
8441
8443
8443
8445
8445
8445
8446
8447
8447
8447
8448
8448
8448
8449
8450
8451
8451
8452
8453
8455
8455
8455
8456
8457
8458
8458
8459
8460
8461
8462
8462
8462
8462
8463
8463
8463
8464
8465
8465
8467
8468
8468
8468
8469
8469
8470
8471
8472
8474
8475
8475
8476
8476
8477
8478
8479
8480
8481
8482
8483
8485
8485
8485
8485
8486
8486
8486
8486
8488
8488
8488
8489
8490
8491
8492
8494
8495
8497
8498
8498
8498
8500
8500
8500
8503
8504
8505
8505
8505
8507
8507
8508
8508
8509
8509
8510
8510
8510
8511
8511
8511
8511
8512
8512
8512
8513
8513
8514
8514
8515
8518
8518
8518
8519
8520
8521
8521
8522
8523
8524
8525
8526
8526
8526
8530
8531
8532
8532
8533
8533
8533
8533
8534
8535
8535
8536
8536
8536
8536
8537
8537
8537
8538
8538
8539
8539
8540
8540
8540
8541
8541
8542
8542
8544
8544
8545
8546
8546
8548
8548
8551
8551
8552
8552
8553
8555
8556
8556
8559
8560
8560
8560
8561
8561
8562
8562
8563
8564
8564
8565
8566
8567
8567
8568
8568
8570
8571
8572
8572
8572
8573
8573
8573
8574
8575
8575
8576
8577
8578
8578
8579
8579
8579
8579
8580
8580
8581
8581
8582
8583
8583
8585
8586
8587
8587
8588
8588
8589
8590
8591
8592
8592
8593
8593
8595
8595
8596
8596
8596
8597
8597
8598
8598
8600
8600
8602
8602
8602
8602
8602
8602
8603
8603
8603
8604
8604
8605
8608
8609
8609
8609
8612
8612
8612
8612
8612
8613
8613
8614
8614
8614
8615
8616
8617
8617
8617
8617
8618
8618
8619
8620
8620
8621
8621
8622
8623
8625
8625
8626
8626
8626
8627
8628
8628
8629
8629
8630
8630
8630
8631
8631
8631
8633
8633
8635
8635
8635
8636
8636
8636
8637
8637
8638
8639
8641
8641
8642
8642
8643
8643
8644
8645
8646
8647
8647
8649
8651
8651
8652
8652
8652
8653
8653
8653
8654
8654
8654
8654
8655
8655
8657
8657
8657
8659
8660
8660
8660
8661
8661
8661
8661
8663
8664
8664
8666
8667
8667
8668
8668
8669
8670
8671
8671
8672
8672
8672
8673
8673
8673
8675
8675
8676
8677
8678
8679
8679
8681
8682
8682
8683
8683
8683
8683
8684
8684
8684
8685
8685
8685
8686
8687
8687
8687
8688
8688
8690
8692
8693
8693
8695
8695
8696
8696
8696
8697
8697
8698
8699
8699
8700
8701
8701
8702
8703
8704
8706
8707
8710
8710
8711
8711
8711
8711
8712
8712
8712
8713
8713
8714
8715
8717
8717
8718
8719
8720
8721
8722
8722
8722
8722
8723
8724
8726
8726
8726
8726
8726
8726
8727
8728
8728
8728
8728
8730
8730
8731
8732
8733
8734
8735
8736
8736
8738
8740
8741
8742
8743
8744
8744
8745
8745
8747
8747
8747
8748
8748
8749
8749
8750
8751
8751
8752
8752
8752
8755
8756
8757
8758
8759
8759
8760
8760
8761
8762
8763
8763
8763
8764
8765
8765
8765
8765
8766
8767
8767
8768
8769
8770
8770
8771
8773
8775
8776
8776
8776
8776
8776
8777
8777
8778
8779
8779
8780
8781
8781
8781
8783
8783
8783
8784
8785
8786
8786
8786
8788
8789
8789
8790
8790
8790
8790
8790
8791
8792
8792
8792
8794
8794
8794
8795
8796
8796
8796
8797
8799
8799
8800
8800
8800
8800
8802
8803
8805
8805
8805
8806
8807
8807
8808
8808
8808
8810
8810
8811
8811
8811
8812
8813
8813
8815
8815
8817
8817
8817
8817
8818
8818
8819
8820
8820
8820
8821
8821
8822
8824
8825
8826
8829
8829
8829
8830
8831
8831
8831
8832
8834
8834
8837
8838
8839
8840
8841
8842
8842
8844
8844
8845
8846
8847
8847
8848
8848
8849
8849
8849
8851
8851
8851
8852
8853
8853
8854
8855
8857
8858
8858
8859
8859
8859
8860
8860
8860
8861
8862
8862
8863
8864
8866
8866
8866
8867
8867
8868
8868
8869
8869
8869
8870
8870
8871
8871
8873
8873
8875
8875
8875
8875
8876
8876
8877
8877
8878
8878
8879
8881
8882
8882
8883
8883
8883
8885
8885
8886
8887
8887
8887
8888
8888
8888
8889
8889
8890
8890
8890
8891
8892
8892
8892
8892
8893
8894
8895
8895
8895
8895
8895
8896
8897
8897
8898
8899
8900
8901
8901
8901
8902
8903
8904
8904
8905
8905
8906
8907
8907
8907
8908
8909
8909
8910
8910
8911
8911
8912
8912
8914
8914
8914
8917
8917
8917
8917
8917
8919
8919
8919
8919
8920
8921
8922
8922
8923
8923
8925
8926
8926
8927
8927
8928
8929
8929
8929
8929
8930
8930
8931
8931
8932
8933
8933
8933
8935
8936
8937
8937
8938
8938
8938
8938
8939
8939
8939
8940
8940
8941
8941
8942
8943
8943
8943
8944
8945
8945
8946
8946
8947
8948
8948
8950
8950
8950
8951
8951
8952
8954
8954
8954
8955
8955
8956
8957
8958
8958
8958
8959
8960
8962
8962
8963
8963
8963
8964
8964
8964
8965
8965
8965
8966
8967
8967
8967
8968
8969
8970
8970
8972
8972
8972
8974
8974
8974
8975
8975
8976
8976
8977
8981
8982
8983
8985
8987
8988
8989
8989
8990
8990
8990
8990
8991
8991
8992
8993
8994
8995
8996
8996
8996
8997
8997
8998
8999
8999
8999
8999
8999
8999
9000
9000
9000
9001
9002
9002
9003
9004
9004
9005
9005
9005
9006
9006
9006
9007
9007
9008
9008
9009
9009
9010
9010
9010
9011
9013
9013
9014
9014
9015
9015
9015
9015
9015
9016
9016
9019
9019
9020
9020
9021
9021
9022
9022
9023
9023
9023
9024
9025
9026
9026
9026
9029
9031
9032
9032
9032
9032
9033
9033
9033
9033
9033
9033
9034
9034
9034
9034
9034
9035
9035
9035
9037
9039
9039
9039
9039
9040
9041
9043
9043
9043
9043
9043
9044
9046
9046
9046
9048
9048
9048
9049
9050
9050
9051
9053
9054
9054
9054
9054
9055
9056
9056
9056
9057
9057
9058
9058
9059
9060
9060
9060
9061
9061
9061
9062
9062
9062
9062
9062
9063
9063
9063
9063
9063
9063
9063
9064
9064
9065
9066
9066
9067
9067
9067
9068
9069
9069
9072
9073
9073
9073
9073
9073
9074
9074
9076
9076
9077
9078
9079
9079
9080
9080
9080
9081
9081
9081
9082
9082
9084
9084
9085
9087
9088
9088
9088
9089
9090
9090
9091
9091
9091
9092
9093
9093
9093
9094
9094
9094
9094
9095
9096
9096
9097
9099
9100
9100
9100
9102
9103
9104
9105
9107
9108
9108
9110
9110
9113
9114
9115
9116
9116
9116
9117
9117
9118
9118
9118
9118
9118
9118
9120
9120
9121
9122
9122
9124
9125
9125
9125
9126
9126
9127
9128
9128
9128
9129
9129
9130
9130
9130
9131
9131
9132
9132
9132
9133
9133
9134
9134
9136
9137
9137
9137
9138
9138
9139
9139
9140
9142
9142
9142
9144
9144
9144
9144
9144
9146
9147
9147
9147
9148
9149
9149
9150
9150
9151
9152
9153
9154
9154
9155
9156
9157
9159
9159
9159
9160
9161
9162
9162
9163
9164
9164
9165
9167
9168
9169
9169
9169
9171
9173
9173
9173
9174
9174
9175
9177
9177
9178
9179
9180
9180
9180
9182
9183
9184
9185
9185
9185
9187
9187
9187
9188
9189
9189
9189
9190
9190
9191
9192
9193
9193
9193
9194
9194
9194
9195
9195
9196
9198
9199
9199
9200
9201
9202
9202
9203
9204
9204
9204
9205
9205
9206
9206
9207
9208
9208
9208
9209
9209
9209
9210
9212
9214
9217
9218
9218
9218
9218
9218
9219
9219
9221
9222
9222
9222
9223
9223
9223
9224
9226
9226
9227
9227
9227
9228
9228
9229
9229
9229
9229
9230
9232
9232
9233
9234
9234
9235
9235
9235
9235
9236
9236
9237
9237
9237
9237
9238
9238
9238
9239
9240
9241
9242
9243
9243
9243
9243
9244
9244
9245
9247
9247
9248
9249
9250
9251
9252
9252
9253
9253
9254
9255
9256
9256
9257
9257
9257
9258
9259
9259
9260
9260
9260
9261
9261
9261
9262
9263
9263
9264
9264
9265
9266
9266
9266
9266
9266
9267
9267
9270
9271
9271
9271
9271
9271
9271
9271
9272
9273
9274
9274
9275
9275
9276
9277
9278
9278
9278
9278
9278
9281
9283
9283
9284
9284
9284
9284
9285
9285
9285
9286
9287
9287
9287
9287
9287
9287
9287
9288
9289
9289
9289
9290
9290
9291
9291
9292
9293
9295
9295
9295
9297
9297
9298
9298
9300
9300
9301
9302
9303
9303
9304
9305
9305
9305
9306
9306
9307
9308
9308
9309
9309
9309
9311
9313
9314
9314
9314
9314
9315
9315
9316
9317
9317
9317
9317
9318
9318
9318
9318
9319
9319
9321
9322
9322
9322
9323
9323
9324
9324
9325
9325
9325
9326
9327
9327
9328
9330
9330
9330
9330
9330
9330
9331
9331
9332
9332
9332
9333
9334
9336
9337
9338
9339
9340
9342
9344
9344
9345
9346
9346
9347
9349
9351
9351
9351
9352
9354
9355
9356
9356
9357
9358
9358
9358
9359
9359
9359
9359
9359
9360
9361
9361
9363
9364
9364
9364
9364
9365
9367
9367
9368
9369
9370
9370
9370
9371
9371
9371
9372
9373
9373
9374
9374
9375
9375
9376
9376
9376
9377
9378
9378
9379
9379
9380
9380
9380
9381
9382
9383
9383
9384
9384
9384
9386
9386
9386
9387
9387
9387
9388
9389
9390
9392
9393
9393
9394
9395
9395
9395
9395
9395
9396
9396
9396
9396
9397
9397
9398
9399
9399
9400
9400
9400
9401
9401
9402
9403
9404
9404
9405
9405
9406
9407
9407
9408
9410
9410
9411
9411
9411
9411
9412
9412
9412
9412
9413
9414
9414
9414
9415
9415
9416
9418
9418
9419
9419
9419
9420
9420
9420
9421
9423
9425
9426
9426
9426
9426
9426
9427
9429
9429
9429
9430
9431
9431
9431
9432
9433
9434
9435
9436
9436
9436
9437
9437
9437
9438
9438
9439
9439
9441
9441
9441
9442
9442
9443
9445
9446
9447
9448
9448
9449
9450
9450
9451
9452
9453
9453
9454
9454
9455
9457
9458
9459
9459
9459
9460
9462
9463
9463
9465
9466
9466
9466
9467
9468
9468
9469
9471
9472
9472
9473
9474
9475
9475
9475
9476
9478
9479
9481
9481
9483
9483
9483
9484
9484
9484
9485
9486
9486
9486
9487
9487
9488
9491
9492
9494
9494
9495
9497
9497
9499
9500
9500
9500
9501
9502
9502
9503
9505
9505
9507
9507
9508
9508
9509
9509
9510
9514
9514
9515
9515
9516
9517
9517
9518
9519
9519
9520
9521
9522
9522
9522
9522
9522
9523
9524
9524
9525
9526
9526
9526
9529
9529
9529
9531
9531
9532
9533
9534
9534
9534
9535
9536
9538
9539
9539
9539
9540
9542
9543
9543
9544
9544
9545
9545
9545
9546
9546
9548
9548
9550
9550
9550
9550
9551
9551
9551
9551
9552
9552
9553
9553
9554
9554
9554
9555
9555
9556
9556
9556
9556
9557
9557
9560
9560
9560
9562
9563
9563
9563
9563
9564
9564
9565
9567
9567
9568
9568
9568
9569
9571
9572
9572
9573
9573
9573
9574
9574
9574
9576
9576
9576
9576
9577
9577
9577
9579
9579
9579
9580
9581
9581
9581
9581
9582
9584
9585
9585
9586
9587
9589
9589
9590
9590
9591
9591
9591
9592
9593
9594
9594
9595
9600
9601
9601
9601
9601
9601
9602
9603
9604
9604
9604
9604
9607
9607
9608
9609
9610
9612
9613
9615
9615
9615
9616
9617
9619
9620
9620
9622
9623
9624
9624
9624
9624
9626
9627
9629
9629
9630
9630
9631
9631
9632
9632
9634
9635
9635
9636
9636
9636
9636
9636
9637
9638
9638
9638
9639
9639
9641
9642
9643
9643
9643
9643
9644
9644
9645
9646
9646
9646
9647
9647
9647
9648
9648
9648
9649
9649
9650
9650
9651
9652
9652
9652
9652
9652
9654
9655
9656
9656
9656
9658
9658
9659
9660
9660
9661
9661
9664
9666
9668
9669
9669
9670
9674
9675
9675
9675
9676
9677
9677
9678
9679
9680
9682
9682
9683
9683
9683
9684
9684
9684
9685
9686
9688
9690
9691
9691
9692
9692
9693
9694
9695
9695
9697
9697
9697
9697
9698
9698
9699
9699
9700
9700
9701
9702
9702
9703
9703
9704
9704
9705
9706
9707
9707
9707
9708
9708
9708
9709
9710
9710
9711
9714
9715
9715
9715
9716
9716
9716
9717
9717
9717
9719
9719
9720
9720
9722
9722
9725
9725
9727
9727
9727
9728
9729
9730
9731
9732
9733
9735
9736
9736
9736
9738
9739
9740
9740
9741
9742
9744
9744
9744
9745
9745
9747
9749
9749
9749
9750
9751
9751
9751
9751
9752
9752
9752
9752
9753
9753
9753
9753
9754
9754
9755
9755
9757
9757
9758
9758
9758
9758
9760
9761
9762
9762
9762
9765
9765
9766
9766
9767
9768
9768
9768
9769
9769
9769
9769
9769
9769
9769
9769
9769
9770
9770
9771
9771
9771
9772
9772
9773
9773
9773
9774
9774
9775
9776
9776
9776
9776
9778
9779
9779
9780
9781
9781
9782
9782
9782
9782
9784
9785
9785
9786
9787
9787
9788
9791
9792
9793
9793
9794
9794
9794
9794
9795
9795
9795
9796
9796
9797
9798
9799
9799
9799
9800
9801
9801
9801
9802
9802
9803
9804
9804
9804
9805
9805
9805
9806
9806
9806
9806
9807
9807
9808
9808
9809
9811
9811
9814
9815
9816
9819
9819
9819
9820
9822
9822
9824
9825
9825
9826
9827
9828
9828
9829
9829
9829
9830
9830
9833
9836
9836
9837
9838
9838
9839
9840
9840
9841
9842
9842
9843
9844
9844
9847
9847
9847
9849
9850
9851
9851
9851
9851
9852
9854
9855
9855
9857
9857
9858
9859
9860
9861
9862
9862
9863
9863
9865
9865
9865
9866
9866
9867
9867
9867
9867
9869
9869
9869
9869
9871
9871
9872
9873
9874
9874
9874
9875
9876
9876
9876
9877
9877
9879
9880
9880
9881
9882
9882
9883
9884
9885
9885
9885
9886
9887
9887
9887
9888
9888
9890
9890
9890
9891
9892
9892
9893
9894
9894
9895
9895
9895
9895
9896
9896
9898
9898
9898
9899
9900
9900
9902
9903
9903
9905
9905
9906
9908
9908
9908
9909
9909
9911
9912
9912
9913
9913
9914
9915
9916
9916
9916
9916
9916
9916
9916
9917
9917
9919
9920
9921
9922
9923
9923
9923
9924
9924
9924
9925
9925
9926
9927
9928
9928
9929
9929
9930
9930
9931
9932
9932
9933
9935
9937
9939
9939
9940
9940
9941
9941
9943
9944
9944
9944
9945
9946
9947
9949
9950
9950
9951
9953
9953
9954
9955
9955
9955
9956
9957
9957
9957
9958
9958
9958
9959
9959
9960
9960
9960
9962
9962
9963
9963
9963
9964
9964
9964
9964
9967
9968
9968
9969
9970
9971
9971
9971
9972
9972
9973
9973
9973
9973
9974
9974
9975
9975
9977
9977
9977
9977
9978
9979
9980
9981
9982
9982
9984
9984
9986
9988
9988
9989
9990
9991
9992
9992
9993
9994
9994
9994
9994
9995
9996
9997
9997
9997
9997
9998
9998
9999
9999
